function R1_both(){
var R1 = [
[  0.00000000,   0.00000000,   0.00000000,   0.00000000,   0.00000000,   0.00000000,   0.00000000,   0.00000000,   0.00000000],
[  1.00000000,  -0.00000000,   0.00000071,  -0.00000000,   1.00000000,   0.00000000,  -0.00000071,  -0.00000000,   1.00000000],
[  1.00000000,   0.00000000,   0.00000212,   0.00000000,   1.00000000,  -0.00000000,  -0.00000212,   0.00000000,   1.00000000],
[  1.00000000,  -0.00000000,   0.00000420,   0.00000000,   1.00000000,  -0.00000000,  -0.00000420,   0.00000000,   1.00000000],
[  1.00000000,  -0.00000000,   0.00000692,   0.00000000,   1.00000000,  -0.00000000,  -0.00000692,   0.00000000,   1.00000000],
[  1.00000000,   0.00000000,   0.00001028,  -0.00000000,   1.00000000,  -0.00000000,  -0.00001028,   0.00000000,   1.00000000],
[  1.00000000,   0.00000000,   0.00001425,  -0.00000000,   1.00000000,  -0.00000000,  -0.00001425,   0.00000000,   1.00000000],
[  1.00000000,   0.00000000,   0.00001880,  -0.00000000,   1.00000000,  -0.00000000,  -0.00001880,   0.00000000,   1.00000000],
[  1.00000000,   0.00000000,   0.00002391,  -0.00000000,   1.00000000,  -0.00000000,  -0.00002391,   0.00000000,   1.00000000],
[  1.00000000,   0.00000000,   0.00002957,  -0.00000000,   1.00000000,  -0.00000000,  -0.00002957,   0.00000000,   1.00000000],
[  1.00000000,   0.00000000,   0.00003575,  -0.00000000,   1.00000000,  -0.00000000,  -0.00003575,   0.00000000,   1.00000000],
[  1.00000000,   0.00000000,   0.00004244,  -0.00000000,   1.00000000,  -0.00000000,  -0.00004244,   0.00000000,   1.00000000],
[  1.00000000,   0.00000000,   0.00004960,  -0.00000000,   1.00000000,  -0.00000000,  -0.00004960,   0.00000000,   1.00000000],
[  1.00000000,   0.00000000,   0.00005721,  -0.00000000,   1.00000000,  -0.00000000,  -0.00005721,   0.00000000,   1.00000000],
[  1.00000000,   0.00000000,   0.00006527,  -0.00000000,   1.00000000,  -0.00000000,  -0.00006527,   0.00000000,   1.00000000],
[  1.00000000,   0.00000000,   0.00007374,  -0.00000000,   1.00000000,  -0.00000000,  -0.00007374,   0.00000000,   1.00000000],
[  1.00000000,   0.00000000,   0.00008259,  -0.00000000,   1.00000000,  -0.00000000,  -0.00008259,   0.00000000,   1.00000000],
[  1.00000000,   0.00000000,   0.00009182,  -0.00000000,   1.00000000,  -0.00000000,  -0.00009182,   0.00000000,   1.00000000],
[  0.99999999,   0.00000000,   0.00010140,  -0.00000000,   1.00000000,  -0.00000000,  -0.00010140,   0.00000000,   0.99999999],
[  0.99999999,   0.00000000,   0.00011130,  -0.00000000,   1.00000000,  -0.00000000,  -0.00011130,   0.00000000,   0.99999999],
[  0.99999999,   0.00000000,   0.00012151,  -0.00000000,   1.00000000,  -0.00000000,  -0.00012151,   0.00000000,   0.99999999],
[  0.99999999,   0.00000000,   0.00013200,  -0.00000000,   1.00000000,  -0.00000000,  -0.00013200,   0.00000000,   0.99999999],
[  0.99999999,   0.00000000,   0.00014275,  -0.00000000,   1.00000000,  -0.00000000,  -0.00014275,   0.00000000,   0.99999999],
[  0.99999999,   0.00000000,   0.00015374,  -0.00000000,   1.00000000,  -0.00000000,  -0.00015374,   0.00000000,   0.99999999],
[  0.99999999,   0.00000000,   0.00016494,  -0.00000000,   1.00000000,  -0.00000000,  -0.00016494,   0.00000000,   0.99999999],
[  0.99999998,   0.00000000,   0.00017634,  -0.00000000,   1.00000000,  -0.00000000,  -0.00017634,   0.00000000,   0.99999998],
[  0.99999998,   0.00000000,   0.00018791,  -0.00000000,   1.00000000,  -0.00000000,  -0.00018791,   0.00000000,   0.99999998],
[  0.99999998,   0.00000000,   0.00019963,  -0.00000000,   1.00000000,  -0.00000000,  -0.00019963,   0.00000000,   0.99999998],
[  0.99999998,   0.00000000,   0.00021148,  -0.00000000,   1.00000000,  -0.00000000,  -0.00021148,   0.00000000,   0.99999998],
[  0.99999998,   0.00000000,   0.00022343,  -0.00000000,   1.00000000,  -0.00000000,  -0.00022343,   0.00000000,   0.99999998],
[  0.99999997,   0.00000000,   0.00023546,  -0.00000000,   1.00000000,  -0.00000000,  -0.00023546,   0.00000000,   0.99999997],
[  0.99999997,   0.00000000,   0.00024756,  -0.00000000,   1.00000000,  -0.00000000,  -0.00024756,   0.00000000,   0.99999997],
[  0.99999997,   0.00000000,   0.00025970,  -0.00000000,   1.00000000,  -0.00000000,  -0.00025970,   0.00000000,   0.99999997],
[  0.99999996,   0.00000000,   0.00027185,  -0.00000000,   1.00000000,  -0.00000000,  -0.00027185,   0.00000000,   0.99999996],
[  0.99999996,   0.00000000,   0.00028399,  -0.00000000,   1.00000000,  -0.00000000,  -0.00028399,   0.00000000,   0.99999996],
[  0.99999996,   0.00000000,   0.00029611,  -0.00000000,   1.00000000,  -0.00000000,  -0.00029611,   0.00000000,   0.99999996],
[  0.99999995,   0.00000000,   0.00030818,  -0.00000000,   1.00000000,  -0.00000000,  -0.00030818,   0.00000000,   0.99999995],
[  0.99999995,   0.00000000,   0.00032018,  -0.00000000,   1.00000000,  -0.00000000,  -0.00032018,   0.00000000,   0.99999995],
[  0.99999994,   0.00000000,   0.00033208,  -0.00000000,   1.00000000,  -0.00000000,  -0.00033208,   0.00000000,   0.99999994],
[  0.99999994,   0.00000000,   0.00034386,  -0.00000000,   1.00000000,  -0.00000000,  -0.00034386,   0.00000000,   0.99999994],
[  0.99999994,   0.00000000,   0.00035551,  -0.00000000,   1.00000000,  -0.00000000,  -0.00035551,   0.00000000,   0.99999994],
[  0.99999993,   0.00000000,   0.00036700,  -0.00000000,   1.00000000,  -0.00000000,  -0.00036700,   0.00000000,   0.99999993],
[  0.99999993,   0.00000000,   0.00037830,  -0.00000000,   1.00000000,  -0.00000000,  -0.00037830,   0.00000000,   0.99999993],
[  0.99999992,   0.00000000,   0.00038940,  -0.00000000,   1.00000000,  -0.00000000,  -0.00038940,   0.00000000,   0.99999992],
[  0.99999992,   0.00000000,   0.00040027,  -0.00000000,   1.00000000,  -0.00000000,  -0.00040027,   0.00000000,   0.99999992],
[  0.99999992,   0.00000000,   0.00041089,  -0.00000000,   1.00000000,  -0.00000000,  -0.00041089,   0.00000000,   0.99999992],
[  0.99999991,   0.00000000,   0.00042124,  -0.00000000,   1.00000000,  -0.00000000,  -0.00042124,   0.00000000,   0.99999991],
[  0.99999991,   0.00000000,   0.00043130,  -0.00000000,   1.00000000,  -0.00000000,  -0.00043130,   0.00000000,   0.99999991],
[  0.99999990,   0.00000000,   0.00044104,  -0.00000000,   1.00000000,  -0.00000000,  -0.00044104,   0.00000000,   0.99999990],
[  0.99999990,   0.00000000,   0.00045045,  -0.00000000,   1.00000000,  -0.00000000,  -0.00045045,   0.00000000,   0.99999990],
[  0.99999989,   0.00000000,   0.00045950,  -0.00000000,   1.00000000,  -0.00000000,  -0.00045950,   0.00000000,   0.99999989],
[  0.99999989,  -0.00000000,   0.00046816,   0.00000000,   1.00000000,  -0.00000000,  -0.00046816,   0.00000000,   0.99999989],
[  0.99999989,  -0.00000000,   0.00047643,   0.00000000,   1.00000000,  -0.00000000,  -0.00047643,   0.00000000,   0.99999989],
[  0.99999988,  -0.00000000,   0.00048426,   0.00000000,   1.00000000,  -0.00000000,  -0.00048426,   0.00000000,   0.99999988],
[  0.99999988,  -0.00000000,   0.00049166,   0.00000000,   1.00000000,  -0.00000000,  -0.00049166,   0.00000000,   0.99999988],
[  0.99999988,  -0.00000000,   0.00049858,   0.00000000,   1.00000000,  -0.00000000,  -0.00049858,   0.00000000,   0.99999988],
[  0.99999987,  -0.00000000,   0.00050502,   0.00000000,   1.00000000,  -0.00000000,  -0.00050502,   0.00000000,   0.99999987],
[  0.99999987,  -0.00000000,   0.00051095,   0.00000000,   1.00000000,  -0.00000000,  -0.00051095,   0.00000000,   0.99999987],
[  0.99999987,  -0.00000000,   0.00051634,   0.00000000,   1.00000000,  -0.00000000,  -0.00051634,   0.00000000,   0.99999987],
[  0.99999986,  -0.00000000,   0.00052118,   0.00000000,   1.00000000,  -0.00000000,  -0.00052118,   0.00000000,   0.99999986],
[  0.99999986,  -0.00000000,   0.00052545,   0.00000000,   1.00000000,  -0.00000000,  -0.00052545,   0.00000000,   0.99999986],
[  0.99999986,  -0.00000000,   0.00052912,   0.00000000,   1.00000000,  -0.00000000,  -0.00052912,   0.00000000,   0.99999986],
[  0.99999986,  -0.00000000,   0.00053217,   0.00000000,   1.00000000,  -0.00000000,  -0.00053217,   0.00000000,   0.99999986],
[  0.99999986,  -0.00000000,   0.00053458,   0.00000000,   1.00000000,  -0.00000000,  -0.00053458,   0.00000000,   0.99999986],
[  0.99999986,  -0.00000000,   0.00053634,   0.00000000,   1.00000000,  -0.00000000,  -0.00053634,   0.00000000,   0.99999986],
[  0.99999986,  -0.00000000,   0.00053741,   0.00000000,   1.00000000,  -0.00000000,  -0.00053741,   0.00000000,   0.99999986],
[  0.99999986,  -0.00000000,   0.00053778,   0.00000000,   1.00000000,  -0.00000000,  -0.00053778,   0.00000000,   0.99999986],
[  0.99999986,  -0.00000000,   0.00053743,   0.00000000,   1.00000000,  -0.00000000,  -0.00053743,   0.00000000,   0.99999986],
[  0.99999986,  -0.00000000,   0.00053634,   0.00000000,   1.00000000,  -0.00000000,  -0.00053634,   0.00000000,   0.99999986],
[  0.99999986,  -0.00000000,   0.00053448,   0.00000000,   1.00000000,  -0.00000000,  -0.00053448,   0.00000000,   0.99999986],
[  0.99999986,  -0.00000000,   0.00053184,   0.00000000,   1.00000000,  -0.00000000,  -0.00053184,   0.00000000,   0.99999986],
[  0.99999986,  -0.00000000,   0.00052840,   0.00000000,   1.00000000,  -0.00000000,  -0.00052840,   0.00000000,   0.99999986],
[  0.99999986,  -0.00000000,   0.00052413,   0.00000000,   1.00000000,  -0.00000000,  -0.00052413,   0.00000000,   0.99999986],
[  0.99999987,  -0.00000000,   0.00051901,   0.00000000,   1.00000000,  -0.00000000,  -0.00051901,   0.00000000,   0.99999987],
[  0.99999987,  -0.00000000,   0.00051303,   0.00000000,   1.00000000,  -0.00000000,  -0.00051303,   0.00000000,   0.99999987],
[  0.99999987,  -0.00000000,   0.00050616,   0.00000000,   1.00000000,  -0.00000000,  -0.00050616,   0.00000000,   0.99999987],
[  0.99999988,  -0.00000000,   0.00049839,   0.00000000,   1.00000000,  -0.00000000,  -0.00049839,   0.00000000,   0.99999988],
[  0.99999988,  -0.00000000,   0.00048969,   0.00000000,   1.00000000,  -0.00000000,  -0.00048969,   0.00000000,   0.99999988],
[  0.99999988,  -0.00000000,   0.00048005,   0.00000000,   1.00000000,  -0.00000000,  -0.00048005,   0.00000000,   0.99999988],
[  0.99999989,  -0.00000000,   0.00046944,   0.00000000,   1.00000000,  -0.00000000,  -0.00046944,   0.00000000,   0.99999989],
[  0.99999990,  -0.00000000,   0.00045784,   0.00000000,   1.00000000,  -0.00000000,  -0.00045784,   0.00000000,   0.99999990],
[  0.99999990,  -0.00000000,   0.00044525,   0.00000000,   1.00000000,  -0.00000000,  -0.00044525,   0.00000000,   0.99999990],
[  0.99999991,  -0.00000000,   0.00043163,   0.00000000,   1.00000000,  -0.00000000,  -0.00043163,   0.00000000,   0.99999991],
[  0.99999991,  -0.00000000,   0.00041696,   0.00000000,   1.00000000,  -0.00000000,  -0.00041696,   0.00000000,   0.99999991],
[  0.99999992,  -0.00000000,   0.00040124,   0.00000000,   1.00000000,  -0.00000000,  -0.00040124,   0.00000000,   0.99999992],
[  0.99999993,  -0.00000000,   0.00038444,   0.00000000,   1.00000000,  -0.00000000,  -0.00038444,   0.00000000,   0.99999993],
[  0.99999993,  -0.00000000,   0.00036653,   0.00000000,   1.00000000,  -0.00000000,  -0.00036653,   0.00000000,   0.99999993],
[  0.99999994,  -0.00000000,   0.00034751,   0.00000000,   1.00000000,  -0.00000000,  -0.00034751,   0.00000000,   0.99999994],
[  0.99999995,  -0.00000000,   0.00032735,   0.00000000,   1.00000000,  -0.00000000,  -0.00032735,   0.00000000,   0.99999995],
[  0.99999995,  -0.00000000,   0.00030604,   0.00000000,   1.00000000,  -0.00000000,  -0.00030604,   0.00000000,   0.99999995],
[  0.99999996,  -0.00000000,   0.00028356,   0.00000000,   1.00000000,  -0.00000000,  -0.00028356,   0.00000000,   0.99999996],
[  0.99999997,  -0.00000000,   0.00025988,   0.00000000,   1.00000000,  -0.00000000,  -0.00025988,   0.00000000,   0.99999997],
[  0.99999997,  -0.00000000,   0.00023500,   0.00000000,   1.00000000,  -0.00000000,  -0.00023500,   0.00000000,   0.99999997],
[  0.99999998,  -0.00000000,   0.00020888,   0.00000000,   1.00000000,  -0.00000000,  -0.00020888,   0.00000000,   0.99999998],
[  0.99999998,  -0.00000000,   0.00018153,   0.00000000,   1.00000000,  -0.00000000,  -0.00018153,   0.00000000,   0.99999998],
[  0.99999999,  -0.00000000,   0.00015291,   0.00000000,   1.00000000,  -0.00000000,  -0.00015291,   0.00000000,   0.99999999],
[  0.99999999,  -0.00000000,   0.00012301,   0.00000000,   1.00000000,  -0.00000000,  -0.00012301,   0.00000000,   0.99999999],
[  1.00000000,  -0.00000000,   0.00009181,   0.00000000,   1.00000000,  -0.00000000,  -0.00009181,   0.00000000,   1.00000000],
[  1.00000000,  -0.00000000,   0.00005930,   0.00000000,   1.00000000,  -0.00000000,  -0.00005930,   0.00000000,   1.00000000],
[  1.00000000,  -0.00000000,   0.00002546,   0.00000000,   1.00000000,  -0.00000000,  -0.00002546,   0.00000000,   1.00000000],
[  1.00000000,  -0.00000000,  -0.00000972,   0.00000000,   1.00000000,  -0.00000000,   0.00000972,   0.00000000,   1.00000000],
[  1.00000000,  -0.00000000,  -0.00004627,   0.00000000,   1.00000000,  -0.00000000,   0.00004627,   0.00000000,   1.00000000],
[  1.00000000,  -0.00000000,  -0.00008421,   0.00000000,   1.00000000,  -0.00000000,   0.00008421,   0.00000000,   1.00000000],
[  0.99999999,  -0.00000000,  -0.00012353,   0.00000000,   1.00000000,  -0.00000000,   0.00012353,   0.00000000,   0.99999999],
[  0.99999999,  -0.00000000,  -0.00016428,   0.00000000,   1.00000000,  -0.00000000,   0.00016428,   0.00000000,   0.99999999],
[  0.99999998,  -0.00000000,  -0.00020645,   0.00000000,   1.00000000,  -0.00000000,   0.00020645,   0.00000000,   0.99999998],
[  0.99999997,  -0.00000000,  -0.00025006,   0.00000000,   1.00000000,  -0.00000000,   0.00025006,   0.00000000,   0.99999997],
[  0.99999996,  -0.00000000,  -0.00029514,   0.00000000,   1.00000000,  -0.00000000,   0.00029514,   0.00000000,   0.99999996],
[  0.99999994,  -0.00000000,  -0.00034169,   0.00000000,   1.00000000,  -0.00000000,   0.00034169,   0.00000000,   0.99999994],
[  0.99999992,  -0.00000000,  -0.00038973,   0.00000000,   1.00000000,  -0.00000000,   0.00038973,   0.00000000,   0.99999992],
[  0.99999990,  -0.00000000,  -0.00043927,   0.00000000,   1.00000000,  -0.00000000,   0.00043927,   0.00000000,   0.99999990],
[  0.99999988,  -0.00000000,  -0.00049034,   0.00000000,   1.00000000,  -0.00000000,   0.00049034,   0.00000000,   0.99999988],
[  0.99999985,  -0.00000000,  -0.00054294,   0.00000000,   1.00000000,  -0.00000000,   0.00054294,   0.00000000,   0.99999985],
[  0.99999982,  -0.00000000,  -0.00059710,   0.00000000,   1.00000000,  -0.00000000,   0.00059710,   0.00000000,   0.99999982],
[  0.99999979,  -0.00000000,  -0.00065281,   0.00000000,   1.00000000,  -0.00000000,   0.00065281,   0.00000000,   0.99999979],
[  0.99999975,  -0.00000000,  -0.00071011,   0.00000000,   1.00000000,  -0.00000000,   0.00071011,   0.00000000,   0.99999975],
[  0.99999970,  -0.00000000,  -0.00076899,   0.00000000,   1.00000000,  -0.00000000,   0.00076899,   0.00000000,   0.99999970],
[  0.99999966,  -0.00000000,  -0.00082948,   0.00000000,   1.00000000,  -0.00000000,   0.00082948,   0.00000000,   0.99999966],
[  0.99999960,  -0.00000000,  -0.00089160,   0.00000000,   1.00000000,  -0.00000000,   0.00089160,   0.00000000,   0.99999960],
[  0.99999954,  -0.00000000,  -0.00095534,   0.00000000,   1.00000000,  -0.00000000,   0.00095534,   0.00000000,   0.99999954],
[  0.99999948,  -0.00000000,  -0.00102073,   0.00000000,   1.00000000,  -0.00000000,   0.00102073,   0.00000000,   0.99999948],
[  0.99999941,  -0.00000000,  -0.00108778,   0.00000000,   1.00000000,  -0.00000000,   0.00108778,   0.00000000,   0.99999941],
[  0.99999933,  -0.00000000,  -0.00115650,   0.00000000,   1.00000000,  -0.00000000,   0.00115650,   0.00000000,   0.99999933],
[  0.99999925,  -0.00000000,  -0.00122690,   0.00000000,   1.00000000,  -0.00000000,   0.00122690,   0.00000000,   0.99999925],
[  0.99999916,  -0.00000000,  -0.00129900,   0.00000000,   1.00000000,  -0.00000000,   0.00129900,   0.00000000,   0.99999916],
[  0.99999906,  -0.00000000,  -0.00137281,   0.00000000,   1.00000000,  -0.00000000,   0.00137281,   0.00000000,   0.99999906],
[  0.99999895,  -0.00000000,  -0.00144834,   0.00000000,   1.00000000,  -0.00000000,   0.00144834,   0.00000000,   0.99999895],
[  0.99999884,  -0.00000000,  -0.00152560,   0.00000000,   1.00000000,  -0.00000000,   0.00152560,   0.00000000,   0.99999884],
[  0.99999871,  -0.00000000,  -0.00160460,   0.00000000,   1.00000000,  -0.00000000,   0.00160460,   0.00000000,   0.99999871],
[  0.99999858,  -0.00000000,  -0.00168536,   0.00000000,   1.00000000,  -0.00000000,   0.00168536,   0.00000000,   0.99999858],
[  0.99999844,  -0.00000000,  -0.00176789,   0.00000000,   1.00000000,  -0.00000000,   0.00176789,   0.00000000,   0.99999844],
[  0.99999828,  -0.00000000,  -0.00185219,   0.00000000,   1.00000000,  -0.00000000,   0.00185219,   0.00000000,   0.99999828],
[  0.99999812,  -0.00000000,  -0.00193828,   0.00000000,   1.00000000,  -0.00000000,   0.00193828,   0.00000000,   0.99999812],
[  0.99999795,  -0.00000000,  -0.00202617,   0.00000000,   1.00000000,  -0.00000000,   0.00202617,   0.00000000,   0.99999795],
[  0.99999776,  -0.00000000,  -0.00211586,   0.00000000,   1.00000000,  -0.00000000,   0.00211586,   0.00000000,   0.99999776],
[  0.99999756,  -0.00000000,  -0.00220737,   0.00000000,   1.00000000,  -0.00000000,   0.00220737,   0.00000000,   0.99999756],
[  0.99999735,  -0.00000000,  -0.00230071,   0.00000000,   1.00000000,  -0.00000000,   0.00230071,   0.00000000,   0.99999735],
[  0.99999713,  -0.00000000,  -0.00239589,   0.00000000,   1.00000000,  -0.00000000,   0.00239589,   0.00000000,   0.99999713],
[  0.99999689,  -0.00000000,  -0.00249292,   0.00000000,   1.00000000,  -0.00000000,   0.00249292,   0.00000000,   0.99999689],
[  0.99999664,  -0.00000000,  -0.00259180,   0.00000000,   1.00000000,  -0.00000000,   0.00259180,   0.00000000,   0.99999664],
[  0.99999638,  -0.00000000,  -0.00269254,   0.00000000,   1.00000000,  -0.00000000,   0.00269254,   0.00000000,   0.99999638],
[  0.99999609,  -0.00000000,  -0.00279516,   0.00000000,   1.00000000,  -0.00000000,   0.00279516,   0.00000000,   0.99999609],
[  0.99999580,  -0.00000000,  -0.00289966,   0.00000000,   1.00000000,  -0.00000000,   0.00289966,   0.00000000,   0.99999580],
[  0.99999548,  -0.00000000,  -0.00300605,   0.00000000,   1.00000000,  -0.00000000,   0.00300605,   0.00000000,   0.99999548],
[  0.99999515,  -0.00000000,  -0.00311434,   0.00000000,   1.00000000,  -0.00000000,   0.00311434,   0.00000000,   0.99999515],
[  0.99999480,  -0.00000000,  -0.00322453,   0.00000000,   1.00000000,  -0.00000000,   0.00322453,   0.00000000,   0.99999480],
[  0.99999443,  -0.00000000,  -0.00333664,   0.00000000,   1.00000000,  -0.00000000,   0.00333664,   0.00000000,   0.99999443],
[  0.99999405,  -0.00000000,  -0.00345067,   0.00000000,   1.00000000,  -0.00000000,   0.00345067,   0.00000000,   0.99999405],
[  0.99999364,  -0.00000000,  -0.00356662,   0.00000000,   1.00000000,  -0.00000000,   0.00356662,   0.00000000,   0.99999364],
[  0.99999321,  -0.00000000,  -0.00368452,   0.00000000,   1.00000000,  -0.00000000,   0.00368452,   0.00000000,   0.99999321],
[  0.99999276,  -0.00000000,  -0.00380435,   0.00000000,   1.00000000,  -0.00000000,   0.00380435,   0.00000000,   0.99999276],
[  0.99999229,  -0.00000000,  -0.00392613,   0.00000000,   1.00000000,  -0.00000000,   0.00392613,   0.00000000,   0.99999229],
[  0.99999180,  -0.00000000,  -0.00404986,   0.00000000,   1.00000000,  -0.00000000,   0.00404986,   0.00000000,   0.99999180],
[  0.99999128,  -0.00000000,  -0.00417556,   0.00000000,   1.00000000,  -0.00000000,   0.00417556,   0.00000000,   0.99999128],
[  0.99999074,  -0.00000000,  -0.00430322,   0.00000000,   1.00000000,  -0.00000000,   0.00430322,   0.00000000,   0.99999074],
[  0.99999017,  -0.00000000,  -0.00443285,   0.00000000,   1.00000000,  -0.00000000,   0.00443285,   0.00000000,   0.99999017],
[  0.99998958,  -0.00000000,  -0.00456446,   0.00000000,   1.00000000,  -0.00000000,   0.00456446,   0.00000000,   0.99998958],
[  0.99998896,  -0.00000000,  -0.00469805,   0.00000000,   1.00000000,  -0.00000000,   0.00469805,   0.00000000,   0.99998896],
[  0.99998832,  -0.00000000,  -0.00483363,   0.00000000,   1.00000000,  -0.00000000,   0.00483363,   0.00000000,   0.99998832],
[  0.99998764,  -0.00000000,  -0.00497119,   0.00000000,   1.00000000,  -0.00000000,   0.00497119,   0.00000000,   0.99998764],
[  0.99998694,  -0.00000000,  -0.00511076,   0.00000000,   1.00000000,  -0.00000000,   0.00511076,   0.00000000,   0.99998694],
[  0.99998621,  -0.00000000,  -0.00525232,   0.00000000,   1.00000000,  -0.00000000,   0.00525232,   0.00000000,   0.99998621],
[  0.99998544,  -0.00000000,  -0.00539589,   0.00000000,   1.00000000,  -0.00000000,   0.00539589,   0.00000000,   0.99998544],
[  0.99998465,  -0.00000000,  -0.00554146,   0.00000000,   1.00000000,  -0.00000000,   0.00554146,   0.00000000,   0.99998465],
[  0.99998382,  -0.00000000,  -0.00568905,   0.00000000,   1.00000000,  -0.00000000,   0.00568905,   0.00000000,   0.99998382],
[  0.99998295,  -0.00000000,  -0.00583865,   0.00000000,   1.00000000,  -0.00000000,   0.00583865,   0.00000000,   0.99998295],
[  0.99998206,  -0.00000000,  -0.00599027,   0.00000000,   1.00000000,  -0.00000000,   0.00599027,   0.00000000,   0.99998206],
[  0.99998113,  -0.00000000,  -0.00614390,   0.00000000,   1.00000000,  -0.00000000,   0.00614390,   0.00000000,   0.99998113],
[  0.99998016,  -0.00000000,  -0.00629956,   0.00000000,   1.00000000,  -0.00000000,   0.00629956,   0.00000000,   0.99998016],
[  0.99997915,  -0.00000000,  -0.00645725,   0.00000000,   1.00000000,  -0.00000000,   0.00645725,   0.00000000,   0.99997915],
[  0.99997811,  -0.00000000,  -0.00661696,   0.00000000,   1.00000000,  -0.00000000,   0.00661696,   0.00000000,   0.99997811],
[  0.99997702,  -0.00000000,  -0.00677870,   0.00000000,   1.00000000,  -0.00000000,   0.00677870,   0.00000000,   0.99997702],
[  0.99997590,  -0.00000000,  -0.00694248,   0.00000000,   1.00000000,  -0.00000000,   0.00694248,   0.00000000,   0.99997590],
[  0.99997474,  -0.00000000,  -0.00710828,   0.00000000,   1.00000000,  -0.00000000,   0.00710828,   0.00000000,   0.99997474],
[  0.99997353,  -0.00000000,  -0.00727612,   0.00000000,   1.00000000,  -0.00000000,   0.00727612,   0.00000000,   0.99997353],
[  0.99997228,  -0.00000000,  -0.00744600,   0.00000000,   1.00000000,  -0.00000000,   0.00744600,   0.00000000,   0.99997228],
[  0.99997098,  -0.00000000,  -0.00761791,   0.00000000,   1.00000000,  -0.00000000,   0.00761791,   0.00000000,   0.99997098],
[  0.99996964,  -0.00000000,  -0.00779185,   0.00000000,   1.00000000,  -0.00000000,   0.00779185,   0.00000000,   0.99996964],
[  0.99996826,  -0.00000000,  -0.00796784,   0.00000000,   1.00000000,  -0.00000000,   0.00796784,   0.00000000,   0.99996826],
[  0.99996682,  -0.00000000,  -0.00814586,   0.00000000,   1.00000000,  -0.00000000,   0.00814586,   0.00000000,   0.99996682],
[  0.99996534,  -0.00000000,  -0.00832591,   0.00000000,   1.00000000,  -0.00000000,   0.00832591,   0.00000000,   0.99996534],
[  0.99996381,  -0.00000000,  -0.00850801,   0.00000000,   1.00000000,  -0.00000000,   0.00850801,   0.00000000,   0.99996381],
[  0.99996222,  -0.00000000,  -0.00869214,   0.00000000,   1.00000000,  -0.00000000,   0.00869214,   0.00000000,   0.99996222],
[  0.99996059,  -0.00000000,  -0.00887831,   0.00000000,   1.00000000,  -0.00000000,   0.00887831,   0.00000000,   0.99996059],
[  0.99995890,  -0.00000000,  -0.00906651,   0.00000000,   1.00000000,  -0.00000000,   0.00906651,   0.00000000,   0.99995890],
[  0.99995716,  -0.00000000,  -0.00925674,   0.00000000,   1.00000000,  -0.00000000,   0.00925674,   0.00000000,   0.99995716],
[  0.99995536,  -0.00000000,  -0.00944901,   0.00000000,   1.00000000,  -0.00000000,   0.00944901,   0.00000000,   0.99995536],
[  0.99995350,  -0.00000000,  -0.00964331,   0.00000000,   1.00000000,  -0.00000000,   0.00964331,   0.00000000,   0.99995350],
[  0.99995159,  -0.00000000,  -0.00983964,   0.00000000,   1.00000000,  -0.00000000,   0.00983964,   0.00000000,   0.99995159],
[  0.99994962,  -0.00000000,  -0.01003800,   0.00000000,   1.00000000,  -0.00000000,   0.01003800,   0.00000000,   0.99994962],
[  0.99994759,  -0.00000000,  -0.01023838,   0.00000000,   1.00000000,  -0.00000000,   0.01023838,   0.00000000,   0.99994759],
[  0.99994549,  -0.00000000,  -0.01044079,   0.00000000,   1.00000000,  -0.00000000,   0.01044079,   0.00000000,   0.99994549],
[  0.99994334,  -0.00000000,  -0.01064522,   0.00000000,   1.00000000,  -0.00000000,   0.01064522,   0.00000000,   0.99994334],
[  0.99994112,  -0.00000000,  -0.01085166,   0.00000000,   1.00000000,  -0.00000000,   0.01085166,   0.00000000,   0.99994112],
[  0.99993883,  -0.00000000,  -0.01106013,   0.00000000,   1.00000000,  -0.00000000,   0.01106013,   0.00000000,   0.99993883],
[  0.99993648,  -0.00000000,  -0.01127060,   0.00000000,   1.00000000,  -0.00000000,   0.01127060,   0.00000000,   0.99993648],
[  0.99993407,  -0.00000000,  -0.01148309,   0.00000000,   1.00000000,  -0.00000000,   0.01148309,   0.00000000,   0.99993407],
[  0.99993158,  -0.00000000,  -0.01169758,   0.00000000,   1.00000000,  -0.00000000,   0.01169758,   0.00000000,   0.99993158],
[  0.99992902,  -0.00000000,  -0.01191407,   0.00000000,   1.00000000,  -0.00000000,   0.01191407,   0.00000000,   0.99992902],
[  0.99992640,  -0.00000000,  -0.01213257,   0.00000000,   1.00000000,  -0.00000000,   0.01213257,   0.00000000,   0.99992640],
[  0.99992370,  -0.00000000,  -0.01235306,   0.00000000,   1.00000000,  -0.00000000,   0.01235306,   0.00000000,   0.99992370],
[  0.99992092,  -0.00000000,  -0.01257553,   0.00000000,   1.00000000,  -0.00000000,   0.01257553,   0.00000000,   0.99992092],
[  0.99991808,  -0.00000000,  -0.01280000,   0.00000000,   1.00000000,  -0.00000000,   0.01280000,   0.00000000,   0.99991808],
[  0.99991515,  -0.00000000,  -0.01302645,   0.00000000,   1.00000000,  -0.00000000,   0.01302645,   0.00000000,   0.99991515],
[  0.99991215,  -0.00000000,  -0.01325487,   0.00000000,   1.00000000,  -0.00000000,   0.01325487,   0.00000000,   0.99991215],
[  0.99990907,  -0.00000000,  -0.01348527,   0.00000000,   1.00000000,  -0.00000000,   0.01348527,   0.00000000,   0.99990907],
[  0.99990591,  -0.00000000,  -0.01371764,   0.00000000,   1.00000000,  -0.00000000,   0.01371764,   0.00000000,   0.99990591],
[  0.99990267,  -0.00000000,  -0.01395197,   0.00000000,   1.00000000,  -0.00000000,   0.01395197,   0.00000000,   0.99990267],
[  0.99989934,  -0.00000000,  -0.01418826,   0.00000000,   1.00000000,  -0.00000000,   0.01418826,   0.00000000,   0.99989934],
[  0.99989593,  -0.00000000,  -0.01442650,   0.00000000,   1.00000000,  -0.00000000,   0.01442650,   0.00000000,   0.99989593],
[  0.99989244,  -0.00000000,  -0.01466668,   0.00000000,   1.00000000,  -0.00000000,   0.01466668,   0.00000000,   0.99989244],
[  0.99988886,  -0.00000000,  -0.01490881,   0.00000000,   1.00000000,  -0.00000000,   0.01490881,   0.00000000,   0.99988886],
[  0.99988519,  -0.00000000,  -0.01515287,   0.00000000,   1.00000000,  -0.00000000,   0.01515287,   0.00000000,   0.99988519],
[  0.99988143,  -0.00000000,  -0.01539886,   0.00000000,   1.00000000,  -0.00000000,   0.01539886,   0.00000000,   0.99988143],
[  0.99987758,  -0.00000000,  -0.01564677,   0.00000000,   1.00000000,  -0.00000000,   0.01564677,   0.00000000,   0.99987758],
[  0.99987364,  -0.00000000,  -0.01589660,   0.00000000,   1.00000000,  -0.00000000,   0.01589660,   0.00000000,   0.99987364],
[  0.99986961,  -0.00000000,  -0.01614834,   0.00000000,   1.00000000,  -0.00000000,   0.01614834,   0.00000000,   0.99986961],
[  0.99986548,  -0.00000000,  -0.01640198,   0.00000000,   1.00000000,  -0.00000000,   0.01640198,   0.00000000,   0.99986548],
[  0.99986125,  -0.00000000,  -0.01665752,   0.00000000,   1.00000000,  -0.00000000,   0.01665752,   0.00000000,   0.99986125],
[  0.99985693,  -0.00000000,  -0.01691495,   0.00000000,   1.00000000,  -0.00000000,   0.01691495,   0.00000000,   0.99985693],
[  0.99985251,  -0.00000000,  -0.01717426,   0.00000000,   1.00000000,  -0.00000000,   0.01717426,   0.00000000,   0.99985251],
[  0.99984799,  -0.00000000,  -0.01743544,   0.00000000,   1.00000000,  -0.00000000,   0.01743544,   0.00000000,   0.99984799],
[  0.99984337,  -0.00000000,  -0.01769849,   0.00000000,   1.00000000,  -0.00000000,   0.01769849,   0.00000000,   0.99984337],
[  0.99983865,  -0.00000000,  -0.01796340,   0.00000000,   1.00000000,  -0.00000000,   0.01796340,   0.00000000,   0.99983865],
[  0.99983382,  -0.00000000,  -0.01823016,   0.00000000,   1.00000000,  -0.00000000,   0.01823016,   0.00000000,   0.99983382],
[  0.99982888,  -0.00000000,  -0.01849877,   0.00000000,   1.00000000,  -0.00000000,   0.01849877,   0.00000000,   0.99982888],
[  0.99982384,  -0.00000000,  -0.01876922,   0.00000000,   1.00000000,  -0.00000000,   0.01876922,   0.00000000,   0.99982384],
[  0.99981869,  -0.00000000,  -0.01904149,   0.00000000,   1.00000000,  -0.00000000,   0.01904149,   0.00000000,   0.99981869],
[  0.99981344,  -0.00000000,  -0.01931559,   0.00000000,   1.00000000,  -0.00000000,   0.01931559,   0.00000000,   0.99981344],
[  0.99980807,  -0.00000000,  -0.01959149,   0.00000000,   1.00000000,  -0.00000000,   0.01959149,   0.00000000,   0.99980807],
[  0.99980259,  -0.00000000,  -0.01986920,   0.00000000,   1.00000000,  -0.00000000,   0.01986920,   0.00000000,   0.99980259],
[  0.99979699,  -0.00000000,  -0.02014871,   0.00000000,   1.00000000,  -0.00000000,   0.02014871,   0.00000000,   0.99979699],
[  0.99979129,  -0.00000000,  -0.02043000,   0.00000000,   1.00000000,  -0.00000000,   0.02043000,   0.00000000,   0.99979129],
[  0.99978546,  -0.00000000,  -0.02071307,   0.00000000,   1.00000000,  -0.00000000,   0.02071307,   0.00000000,   0.99978546],
[  0.99977952,  -0.00000000,  -0.02099791,   0.00000000,   1.00000000,  -0.00000000,   0.02099791,   0.00000000,   0.99977952],
[  0.99977346,  -0.00000000,  -0.02128452,   0.00000000,   1.00000000,  -0.00000000,   0.02128452,   0.00000000,   0.99977346],
[  0.99976728,  -0.00000000,  -0.02157287,   0.00000000,   1.00000000,  -0.00000000,   0.02157287,   0.00000000,   0.99976728],
[  0.99976098,  -0.00000000,  -0.02186296,   0.00000000,   1.00000000,  -0.00000000,   0.02186296,   0.00000000,   0.99976098],
[  0.99975455,  -0.00000000,  -0.02215479,   0.00000000,   1.00000000,  -0.00000000,   0.02215479,   0.00000000,   0.99975455],
[  0.99974800,  -0.00000000,  -0.02244835,   0.00000000,   1.00000000,  -0.00000000,   0.02244835,   0.00000000,   0.99974800],
[  0.99974133,  -0.00000000,  -0.02274361,   0.00000000,   1.00000000,  -0.00000000,   0.02274361,   0.00000000,   0.99974133],
[  0.99973453,  -0.00000000,  -0.02304059,   0.00000000,   1.00000000,  -0.00000000,   0.02304059,   0.00000000,   0.99973453],
[  0.99972760,  -0.00000000,  -0.02333925,   0.00000000,   1.00000000,  -0.00000000,   0.02333925,   0.00000000,   0.99972760],
[  0.99972055,  -0.00000000,  -0.02363961,   0.00000000,   1.00000000,  -0.00000000,   0.02363961,   0.00000000,   0.99972055],
[  0.99971336,  -0.00000000,  -0.02394164,   0.00000000,   1.00000000,  -0.00000000,   0.02394164,   0.00000000,   0.99971336],
[  0.99970604,  -0.00000000,  -0.02424533,   0.00000000,   1.00000000,  -0.00000000,   0.02424533,   0.00000000,   0.99970604],
[  0.99969859,  -0.00000000,  -0.02455069,   0.00000000,   1.00000000,  -0.00000000,   0.02455069,   0.00000000,   0.99969859],
[  0.99969100,  -0.00000000,  -0.02485769,   0.00000000,   1.00000000,  -0.00000000,   0.02485769,   0.00000000,   0.99969100],
[  0.99968328,  -0.00000000,  -0.02516632,   0.00000000,   1.00000000,  -0.00000000,   0.02516632,   0.00000000,   0.99968328],
[  0.99967542,  -0.00000000,  -0.02547658,   0.00000000,   1.00000000,  -0.00000000,   0.02547658,   0.00000000,   0.99967542],
[  0.99966742,  -0.00000000,  -0.02578846,   0.00000000,   1.00000000,  -0.00000000,   0.02578846,   0.00000000,   0.99966742],
[  0.99965929,  -0.00000000,  -0.02610195,   0.00000000,   1.00000000,  -0.00000000,   0.02610195,   0.00000000,   0.99965929],
[  0.99965101,  -0.00000000,  -0.02641702,   0.00000000,   1.00000000,  -0.00000000,   0.02641702,   0.00000000,   0.99965101],
[  0.99964259,  -0.00000000,  -0.02673369,   0.00000000,   1.00000000,  -0.00000000,   0.02673369,   0.00000000,   0.99964259],
[  0.99963403,  -0.00000000,  -0.02705193,   0.00000000,   1.00000000,  -0.00000000,   0.02705193,   0.00000000,   0.99963403],
[  0.99962532,  -0.00000000,  -0.02737173,   0.00000000,   1.00000000,  -0.00000000,   0.02737173,   0.00000000,   0.99962532],
[  0.99961647,  -0.00000000,  -0.02769309,   0.00000000,   1.00000000,  -0.00000000,   0.02769309,   0.00000000,   0.99961647],
[  0.99960748,  -0.00000000,  -0.02801599,   0.00000000,   1.00000000,  -0.00000000,   0.02801599,   0.00000000,   0.99960748],
[  0.99959833,  -0.00000000,  -0.02834042,   0.00000000,   1.00000000,  -0.00000000,   0.02834042,   0.00000000,   0.99959833],
[  0.99958904,  -0.00000000,  -0.02866637,   0.00000000,   1.00000000,  -0.00000000,   0.02866637,   0.00000000,   0.99958904],
[  0.99957959,  -0.00000000,  -0.02899383,   0.00000000,   1.00000000,  -0.00000000,   0.02899383,   0.00000000,   0.99957959],
[  0.99956999,  -0.00000000,  -0.02932280,   0.00000000,   1.00000000,  -0.00000000,   0.02932280,   0.00000000,   0.99956999],
[  0.99956025,  -0.00000000,  -0.02965325,   0.00000000,   1.00000000,  -0.00000000,   0.02965325,   0.00000000,   0.99956025],
[  0.99955034,  -0.00000000,  -0.02998518,   0.00000000,   1.00000000,  -0.00000000,   0.02998518,   0.00000000,   0.99955034],
[  0.99954029,  -0.00000000,  -0.03031858,   0.00000000,   1.00000000,  -0.00000000,   0.03031858,   0.00000000,   0.99954029],
[  0.99953007,  -0.00000000,  -0.03065343,   0.00000000,   1.00000000,  -0.00000000,   0.03065343,   0.00000000,   0.99953007],
[  0.99951970,  -0.00000000,  -0.03098973,   0.00000000,   1.00000000,  -0.00000000,   0.03098973,   0.00000000,   0.99951970],
[  0.99950917,  -0.00000000,  -0.03132746,   0.00000000,   1.00000000,  -0.00000000,   0.03132746,   0.00000000,   0.99950917],
[  0.99949849,  -0.00000000,  -0.03166662,   0.00000000,   1.00000000,  -0.00000000,   0.03166662,   0.00000000,   0.99949849],
[  0.99948764,  -0.00000000,  -0.03200718,   0.00000000,   1.00000000,  -0.00000000,   0.03200718,   0.00000000,   0.99948764],
[  0.99947663,  -0.00000000,  -0.03234915,   0.00000000,   1.00000000,  -0.00000000,   0.03234915,   0.00000000,   0.99947663],
[  0.99946546,  -0.00000000,  -0.03269251,   0.00000000,   1.00000000,  -0.00000000,   0.03269251,   0.00000000,   0.99946546],
[  0.99945412,  -0.00000000,  -0.03303724,   0.00000000,   1.00000000,  -0.00000000,   0.03303724,   0.00000000,   0.99945412],
[  0.99944262,  -0.00000000,  -0.03338334,   0.00000000,   1.00000000,  -0.00000000,   0.03338334,   0.00000000,   0.99944262],
[  0.99943095,  -0.00000000,  -0.03373080,   0.00000000,   1.00000000,  -0.00000000,   0.03373080,   0.00000000,   0.99943095],
[  0.99941912,  -0.00000000,  -0.03407960,   0.00000000,   1.00000000,  -0.00000000,   0.03407960,   0.00000000,   0.99941912],
[  0.99940712,  -0.00000000,  -0.03442973,   0.00000000,   1.00000000,  -0.00000000,   0.03442973,   0.00000000,   0.99940712],
[  0.99939495,  -0.00000000,  -0.03478119,   0.00000000,   1.00000000,  -0.00000000,   0.03478119,   0.00000000,   0.99939495],
[  0.99938261,  -0.00000000,  -0.03513395,   0.00000000,   1.00000000,  -0.00000000,   0.03513395,   0.00000000,   0.99938261],
[  0.99937010,  -0.00000000,  -0.03548802,   0.00000000,   1.00000000,  -0.00000000,   0.03548802,   0.00000000,   0.99937010],
[  0.99935742,  -0.00000000,  -0.03584337,   0.00000000,   1.00000000,  -0.00000000,   0.03584337,   0.00000000,   0.99935742],
[  0.99934457,  -0.00000000,  -0.03620000,   0.00000000,   1.00000000,  -0.00000000,   0.03620000,   0.00000000,   0.99934457],
[  0.99933154,  -0.00000000,  -0.03655789,   0.00000000,   1.00000000,  -0.00000000,   0.03655789,   0.00000000,   0.99933154],
[  0.99931833,  -0.00000000,  -0.03691703,   0.00000000,   1.00000000,  -0.00000000,   0.03691703,   0.00000000,   0.99931833],
[  0.99930496,  -0.00000000,  -0.03727742,   0.00000000,   1.00000000,  -0.00000000,   0.03727742,   0.00000000,   0.99930496],
[  0.99929140,  -0.00000000,  -0.03763904,   0.00000000,   1.00000000,  -0.00000000,   0.03763904,   0.00000000,   0.99929140],
[  0.99927767,  -0.00000000,  -0.03800187,   0.00000000,   1.00000000,  -0.00000000,   0.03800187,   0.00000000,   0.99927767],
[  0.99926376,  -0.00000000,  -0.03836592,   0.00000000,   1.00000000,  -0.00000000,   0.03836592,   0.00000000,   0.99926376],
[  0.99924967,  -0.00000000,  -0.03873116,   0.00000000,   1.00000000,  -0.00000000,   0.03873116,   0.00000000,   0.99924967],
[  0.99923540,  -0.00000000,  -0.03909758,   0.00000000,   1.00000000,  -0.00000000,   0.03909758,   0.00000000,   0.99923540],
[  0.99922095,  -0.00000000,  -0.03946518,   0.00000000,   1.00000000,  -0.00000000,   0.03946518,   0.00000000,   0.99922095],
[  0.99920631,  -0.00000000,  -0.03983394,   0.00000000,   1.00000000,  -0.00000000,   0.03983394,   0.00000000,   0.99920631],
[  0.99919150,  -0.00000000,  -0.04020385,   0.00000000,   1.00000000,  -0.00000000,   0.04020385,   0.00000000,   0.99919150],
[  0.99917650,  -0.00000000,  -0.04057490,   0.00000000,   1.00000000,  -0.00000000,   0.04057490,   0.00000000,   0.99917650],
[  0.99916132,  -0.00000000,  -0.04094707,   0.00000000,   1.00000000,  -0.00000000,   0.04094707,   0.00000000,   0.99916132],
[  0.99914595,  -0.00000000,  -0.04132036,   0.00000000,   1.00000000,  -0.00000000,   0.04132036,   0.00000000,   0.99914595],
[  0.99913040,  -0.00000000,  -0.04169476,   0.00000000,   1.00000000,  -0.00000000,   0.04169476,   0.00000000,   0.99913040],
[  0.99911466,  -0.00000000,  -0.04207025,   0.00000000,   1.00000000,  -0.00000000,   0.04207025,   0.00000000,   0.99911466],
[  0.99909873,  -0.00000000,  -0.04244683,   0.00000000,   1.00000000,  -0.00000000,   0.04244683,   0.00000000,   0.99909873],
[  0.99908261,  -0.00000000,  -0.04282447,   0.00000000,   1.00000000,  -0.00000000,   0.04282447,   0.00000000,   0.99908261],
[  0.99906631,  -0.00000000,  -0.04320317,   0.00000000,   1.00000000,  -0.00000000,   0.04320317,   0.00000000,   0.99906631],
[  0.99904981,  -0.00000000,  -0.04358292,   0.00000000,   1.00000000,  -0.00000000,   0.04358292,   0.00000000,   0.99904981],
[  0.99903313,  -0.00000000,  -0.04396371,   0.00000000,   1.00000000,  -0.00000000,   0.04396371,   0.00000000,   0.99903313],
[  0.99901625,  -0.00000000,  -0.04434552,   0.00000000,   1.00000000,  -0.00000000,   0.04434552,   0.00000000,   0.99901625],
[  0.99899919,  -0.00000000,  -0.04472835,   0.00000000,   1.00000000,  -0.00000000,   0.04472835,   0.00000000,   0.99899919],
[  0.99898193,  -0.00000000,  -0.04511218,   0.00000000,   1.00000000,  -0.00000000,   0.04511218,   0.00000000,   0.99898193],
[  0.99896448,  -0.00000000,  -0.04549700,   0.00000000,   1.00000000,  -0.00000000,   0.04549700,   0.00000000,   0.99896448],
[  0.99894683,  -0.00000000,  -0.04588281,   0.00000000,   1.00000000,  -0.00000000,   0.04588281,   0.00000000,   0.99894683],
[  0.99892899,  -0.00000000,  -0.04626958,   0.00000000,   1.00000000,  -0.00000000,   0.04626958,   0.00000000,   0.99892899],
[  0.99891095,  -0.00000000,  -0.04665731,   0.00000000,   1.00000000,  -0.00000000,   0.04665731,   0.00000000,   0.99891095],
[  0.99889272,  -0.00000000,  -0.04704599,   0.00000000,   1.00000000,  -0.00000000,   0.04704599,   0.00000000,   0.99889272],
[  0.99887430,  -0.00000000,  -0.04743560,   0.00000000,   1.00000000,  -0.00000000,   0.04743560,   0.00000000,   0.99887430],
