function R1_M1(){
var R1 = [
[  0.00000000,   0.00000000,   0.00000000,   0.00000000,   0.00000000,   0.00000000,   0.00000000,   0.00000000,   0.00000000],
[  1.00000000,   0.00000002,   0.00000072,  -0.00000002,   1.00000000,   0.00000018,  -0.00000072,  -0.00000018,   1.00000000],
[  1.00000000,   0.00000005,   0.00000215,  -0.00000005,   1.00000000,   0.00000055,  -0.00000215,  -0.00000055,   1.00000000],
[  1.00000000,   0.00000010,   0.00000428,  -0.00000010,   1.00000000,   0.00000110,  -0.00000428,  -0.00000110,   1.00000000],
[  1.00000000,   0.00000014,   0.00000711,  -0.00000014,   1.00000000,   0.00000182,  -0.00000711,  -0.00000182,   1.00000000],
[  1.00000000,   0.00000018,   0.00001063,  -0.00000018,   1.00000000,   0.00000273,  -0.00001063,  -0.00000273,   1.00000000],
[  1.00000000,   0.00000021,   0.00001483,  -0.00000021,   1.00000000,   0.00000381,  -0.00001483,  -0.00000381,   1.00000000],
[  1.00000000,   0.00000023,   0.00001970,  -0.00000023,   1.00000000,   0.00000506,  -0.00001970,  -0.00000506,   1.00000000],
[  1.00000000,   0.00000022,   0.00002524,  -0.00000022,   1.00000000,   0.00000648,  -0.00002524,  -0.00000648,   1.00000000],
[  1.00000000,   0.00000019,   0.00003144,  -0.00000019,   1.00000000,   0.00000807,  -0.00003144,  -0.00000807,   1.00000000],
[  1.00000000,   0.00000012,   0.00003829,  -0.00000012,   1.00000000,   0.00000983,  -0.00003829,  -0.00000983,   1.00000000],
[  1.00000000,   0.00000002,   0.00004579,  -0.00000002,   1.00000000,   0.00001176,  -0.00004579,  -0.00001176,   1.00000000],
[  1.00000000,  -0.00000013,   0.00005392,   0.00000013,   1.00000000,   0.00001385,  -0.00005392,  -0.00001385,   1.00000000],
[  1.00000000,  -0.00000033,   0.00006268,   0.00000033,   1.00000000,   0.00001611,  -0.00006268,  -0.00001611,   1.00000000],
[  1.00000000,  -0.00000058,   0.00007206,   0.00000058,   1.00000000,   0.00001852,  -0.00007206,  -0.00001852,   1.00000000],
[  1.00000000,  -0.00000090,   0.00008205,   0.00000090,   1.00000000,   0.00002109,  -0.00008205,  -0.00002109,   1.00000000],
[  1.00000000,  -0.00000129,   0.00009265,   0.00000129,   1.00000000,   0.00002382,  -0.00009265,  -0.00002382,   1.00000000],
[  0.99999999,  -0.00000175,   0.00010384,   0.00000175,   1.00000000,   0.00002671,  -0.00010384,  -0.00002671,   0.99999999],
[  0.99999999,  -0.00000229,   0.00011563,   0.00000229,   1.00000000,   0.00002975,  -0.00011563,  -0.00002975,   0.99999999],
[  0.99999999,  -0.00000292,   0.00012799,   0.00000292,   1.00000000,   0.00003294,  -0.00012799,  -0.00003294,   0.99999999],
[  0.99999999,  -0.00000364,   0.00014094,   0.00000363,   1.00000000,   0.00003627,  -0.00014094,  -0.00003627,   0.99999999],
[  0.99999999,  -0.00000446,   0.00015445,   0.00000445,   1.00000000,   0.00003976,  -0.00015445,  -0.00003976,   0.99999999],
[  0.99999999,  -0.00000538,   0.00016851,   0.00000537,   1.00000000,   0.00004339,  -0.00016851,  -0.00004339,   0.99999998],
[  0.99999998,  -0.00000641,   0.00018313,   0.00000640,   1.00000000,   0.00004717,  -0.00018313,  -0.00004717,   0.99999998],
[  0.99999998,  -0.00000756,   0.00019829,   0.00000755,   1.00000000,   0.00005109,  -0.00019829,  -0.00005109,   0.99999998],
[  0.99999998,  -0.00000883,   0.00021399,   0.00000882,   1.00000000,   0.00005515,  -0.00021399,  -0.00005515,   0.99999998],
[  0.99999997,  -0.00001023,   0.00023021,   0.00001022,   1.00000000,   0.00005935,  -0.00023021,  -0.00005935,   0.99999997],
[  0.99999997,  -0.00001176,   0.00024696,   0.00001175,   1.00000000,   0.00006368,  -0.00024696,  -0.00006368,   0.99999997],
[  0.99999997,  -0.00001344,   0.00026421,   0.00001342,   1.00000000,   0.00006815,  -0.00026421,  -0.00006815,   0.99999996],
[  0.99999996,  -0.00001525,   0.00028197,   0.00001523,   1.00000000,   0.00007276,  -0.00028197,  -0.00007275,   0.99999996],
[  0.99999995,  -0.00001722,   0.00030022,   0.00001720,   1.00000000,   0.00007749,  -0.00030022,  -0.00007748,   0.99999995],
[  0.99999995,  -0.00001935,   0.00031896,   0.00001933,   1.00000000,   0.00008235,  -0.00031897,  -0.00008235,   0.99999995],
[  0.99999994,  -0.00002164,   0.00033818,   0.00002161,   1.00000000,   0.00008734,  -0.00033819,  -0.00008734,   0.99999994],
[  0.99999994,  -0.00002411,   0.00035787,   0.00002407,   1.00000000,   0.00009246,  -0.00035788,  -0.00009245,   0.99999993],
[  0.99999993,  -0.00002674,   0.00037803,   0.00002671,   0.99999999,   0.00009770,  -0.00037803,  -0.00009769,   0.99999992],
[  0.99999992,  -0.00002956,   0.00039864,   0.00002952,   0.99999999,   0.00010306,  -0.00039864,  -0.00010305,   0.99999992],
[  0.99999991,  -0.00003257,   0.00041969,   0.00003252,   0.99999999,   0.00010855,  -0.00041970,  -0.00010853,   0.99999991],
[  0.99999990,  -0.00003576,   0.00044119,   0.00003571,   0.99999999,   0.00011415,  -0.00044119,  -0.00011413,   0.99999990],
[  0.99999989,  -0.00003916,   0.00046311,   0.00003911,   0.99999999,   0.00011986,  -0.00046312,  -0.00011985,   0.99999989],
[  0.99999988,  -0.00004277,   0.00048546,   0.00004270,   0.99999999,   0.00012570,  -0.00048546,  -0.00012568,   0.99999987],
[  0.99999987,  -0.00004658,   0.00050822,   0.00004651,   0.99999999,   0.00013164,  -0.00050822,  -0.00013162,   0.99999986],
[  0.99999986,  -0.00005061,   0.00053138,   0.00005054,   0.99999999,   0.00013770,  -0.00053139,  -0.00013767,   0.99999985],
[  0.99999984,  -0.00005486,   0.00055494,   0.00005478,   0.99999999,   0.00014387,  -0.00055495,  -0.00014384,   0.99999984],
[  0.99999983,  -0.00005934,   0.00057889,   0.00005926,   0.99999999,   0.00015014,  -0.00057890,  -0.00015011,   0.99999982],
[  0.99999982,  -0.00006406,   0.00060322,   0.00006396,   0.99999999,   0.00015652,  -0.00060323,  -0.00015648,   0.99999981],
[  0.99999980,  -0.00006901,   0.00062793,   0.00006891,   0.99999998,   0.00016301,  -0.00062794,  -0.00016296,   0.99999979],
[  0.99999978,  -0.00007421,   0.00065299,   0.00007410,   0.99999998,   0.00016959,  -0.00065301,  -0.00016954,   0.99999977],
[  0.99999977,  -0.00007967,   0.00067841,   0.00007955,   0.99999998,   0.00017628,  -0.00067843,  -0.00017623,   0.99999975],
[  0.99999975,  -0.00008538,   0.00070418,   0.00008525,   0.99999998,   0.00018307,  -0.00070420,  -0.00018301,   0.99999974],
[  0.99999973,  -0.00009135,   0.00073029,   0.00009121,   0.99999998,   0.00018995,  -0.00073030,  -0.00018988,   0.99999972],
[  0.99999971,  -0.00009759,   0.00075672,   0.00009744,   0.99999998,   0.00019693,  -0.00075674,  -0.00019685,   0.99999969],
[  0.99999969,  -0.00010411,   0.00078348,   0.00010395,   0.99999997,   0.00020400,  -0.00078350,  -0.00020392,   0.99999967],
[  0.99999967,  -0.00011090,   0.00081054,   0.00011073,   0.99999997,   0.00021116,  -0.00081057,  -0.00021107,   0.99999965],
[  0.99999964,  -0.00011798,   0.00083791,   0.00011780,   0.99999997,   0.00021842,  -0.00083794,  -0.00021832,   0.99999963],
[  0.99999962,  -0.00012535,   0.00086558,   0.00012516,   0.99999997,   0.00022576,  -0.00086561,  -0.00022565,   0.99999960],
[  0.99999959,  -0.00013302,   0.00089353,   0.00013282,   0.99999996,   0.00023319,  -0.00089356,  -0.00023307,   0.99999957],
[  0.99999957,  -0.00014100,   0.00092176,   0.00014077,   0.99999996,   0.00024070,  -0.00092179,  -0.00024057,   0.99999955],
[  0.99999954,  -0.00014927,   0.00095025,   0.00014904,   0.99999996,   0.00024830,  -0.00095029,  -0.00024816,   0.99999952],
[  0.99999951,  -0.00015787,   0.00097901,   0.00015762,   0.99999995,   0.00025598,  -0.00097905,  -0.00025583,   0.99999949],
[  0.99999948,  -0.00016678,   0.00100802,   0.00016651,   0.99999995,   0.00026374,  -0.00100806,  -0.00026357,   0.99999946],
[  0.99999945,  -0.00017601,   0.00103727,   0.00017573,   0.99999995,   0.00027158,  -0.00103731,  -0.00027139,   0.99999943],
[  0.99999941,  -0.00018558,   0.00106675,   0.00018528,   0.99999994,   0.00027949,  -0.00106680,  -0.00027929,   0.99999939],
[  0.99999938,  -0.00019548,   0.00109645,   0.00019517,   0.99999994,   0.00028748,  -0.00109651,  -0.00028727,   0.99999936],
[  0.99999934,  -0.00020572,   0.00112637,   0.00020539,   0.99999994,   0.00029554,  -0.00112644,  -0.00029531,   0.99999932],
[  0.99999931,  -0.00021631,   0.00115650,   0.00021596,   0.99999993,   0.00030368,  -0.00115657,  -0.00030343,   0.99999929],
[  0.99999927,  -0.00022725,   0.00118683,   0.00022688,   0.99999993,   0.00031188,  -0.00118690,  -0.00031161,   0.99999925],
[  0.99999923,  -0.00023854,   0.00121734,   0.00023815,   0.99999992,   0.00032015,  -0.00121741,  -0.00031986,   0.99999921],
[  0.99999919,  -0.00025020,   0.00124803,   0.00024979,   0.99999991,   0.00032849,  -0.00124811,  -0.00032818,   0.99999917],
[  0.99999915,  -0.00026222,   0.00127889,   0.00026179,   0.99999991,   0.00033690,  -0.00127898,  -0.00033656,   0.99999913],
[  0.99999910,  -0.00027462,   0.00130991,   0.00027417,   0.99999990,   0.00034537,  -0.00131001,  -0.00034501,   0.99999908],
[  0.99999906,  -0.00028739,   0.00134108,   0.00028692,   0.99999990,   0.00035390,  -0.00134119,  -0.00035351,   0.99999904],
[  0.99999901,  -0.00030055,   0.00137240,   0.00030005,   0.99999989,   0.00036249,  -0.00137251,  -0.00036208,   0.99999899],
[  0.99999897,  -0.00031409,   0.00140385,   0.00031357,   0.99999988,   0.00037114,  -0.00140396,  -0.00037070,   0.99999895],
[  0.99999892,  -0.00032803,   0.00143542,   0.00032748,   0.99999987,   0.00037985,  -0.00143554,  -0.00037938,   0.99999890],
[  0.99999887,  -0.00034236,   0.00146711,   0.00034179,   0.99999987,   0.00038861,  -0.00146724,  -0.00038811,   0.99999885],
[  0.99999881,  -0.00035709,   0.00149890,   0.00035650,   0.99999986,   0.00039743,  -0.00149904,  -0.00039690,   0.99999880],
[  0.99999876,  -0.00037224,   0.00153079,   0.00037162,   0.99999985,   0.00040630,  -0.00153094,  -0.00040573,   0.99999875],
[  0.99999870,  -0.00038779,   0.00156276,   0.00038714,   0.99999984,   0.00041523,  -0.00156292,  -0.00041462,   0.99999869],
[  0.99999865,  -0.00040376,   0.00159481,   0.00040309,   0.99999983,   0.00042420,  -0.00159498,  -0.00042356,   0.99999864],
[  0.99999859,  -0.00042016,   0.00162693,   0.00041945,   0.99999982,   0.00043322,  -0.00162711,  -0.00043254,   0.99999858],
[  0.99999853,  -0.00043698,   0.00165910,   0.00043624,   0.99999981,   0.00044229,  -0.00165929,  -0.00044157,   0.99999853],
[  0.99999847,  -0.00045423,   0.00169132,   0.00045347,   0.99999980,   0.00045140,  -0.00169153,  -0.00045064,   0.99999847],
[  0.99999840,  -0.00047192,   0.00172359,   0.00047112,   0.99999978,   0.00046056,  -0.00172380,  -0.00045975,   0.99999841],
[  0.99999834,  -0.00049004,   0.00175588,   0.00048922,   0.99999977,   0.00046976,  -0.00175611,  -0.00046890,   0.99999835],
[  0.99999827,  -0.00050862,   0.00178819,   0.00050776,   0.99999976,   0.00047901,  -0.00178843,  -0.00047810,   0.99999829],
[  0.99999820,  -0.00052764,   0.00182051,   0.00052675,   0.99999974,   0.00048829,  -0.00182077,  -0.00048733,   0.99999822],
[  0.99999813,  -0.00054712,   0.00185283,   0.00054620,   0.99999973,   0.00049761,  -0.00185310,  -0.00049660,   0.99999816],
[  0.99999806,  -0.00056705,   0.00188514,   0.00056610,   0.99999971,   0.00050697,  -0.00188543,  -0.00050590,   0.99999809],
[  0.99999799,  -0.00058745,   0.00191743,   0.00058646,   0.99999969,   0.00051637,  -0.00191774,  -0.00051524,   0.99999803],
[  0.99999791,  -0.00060832,   0.00194970,   0.00060729,   0.99999968,   0.00052580,  -0.00195002,  -0.00052461,   0.99999796],
[  0.99999784,  -0.00062965,   0.00198192,   0.00062859,   0.99999966,   0.00053526,  -0.00198226,  -0.00053401,   0.99999789],
[  0.99999776,  -0.00065147,   0.00201410,   0.00065037,   0.99999964,   0.00054476,  -0.00201445,  -0.00054345,   0.99999782],
[  0.99999768,  -0.00067376,   0.00204621,   0.00067263,   0.99999962,   0.00055428,  -0.00204659,  -0.00055291,   0.99999775],
[  0.99999760,  -0.00069654,   0.00207826,   0.00069537,   0.99999960,   0.00056384,  -0.00207865,  -0.00056239,   0.99999768],
[  0.99999751,  -0.00071980,   0.00211023,   0.00071859,   0.99999958,   0.00057342,  -0.00211064,  -0.00057191,   0.99999761],
[  0.99999743,  -0.00074356,   0.00214211,   0.00074231,   0.99999955,   0.00058304,  -0.00214254,  -0.00058144,   0.99999754],
[  0.99999734,  -0.00076781,   0.00217389,   0.00076653,   0.99999953,   0.00059267,  -0.00217435,  -0.00059101,   0.99999746],
[  0.99999725,  -0.00079257,   0.00220557,   0.00079124,   0.99999951,   0.00060234,  -0.00220604,  -0.00060059,   0.99999739],
[  0.99999716,  -0.00081782,   0.00223712,   0.00081646,   0.99999948,   0.00061202,  -0.00223762,  -0.00061019,   0.99999731],
[  0.99999707,  -0.00084359,   0.00226855,   0.00084218,   0.99999945,   0.00062173,  -0.00226907,  -0.00061982,   0.99999723],
[  0.99999698,  -0.00086986,   0.00229983,   0.00086841,   0.99999942,   0.00063146,  -0.00230038,  -0.00062946,   0.99999716],
[  0.99999688,  -0.00089666,   0.00233097,   0.00089516,   0.99999939,   0.00064121,  -0.00233154,  -0.00063912,   0.99999708],
[  0.99999678,  -0.00092397,   0.00236195,   0.00092243,   0.99999936,   0.00065098,  -0.00236255,  -0.00064880,   0.99999700],
[  0.99999668,  -0.00095180,   0.00239276,   0.00095022,   0.99999933,   0.00066076,  -0.00239339,  -0.00065849,   0.99999692],
[  0.99999658,  -0.00098016,   0.00242339,   0.00097853,   0.99999930,   0.00067057,  -0.00242404,  -0.00066819,   0.99999684],
[  0.99999648,  -0.00100904,   0.00245383,   0.00100738,   0.99999926,   0.00068039,  -0.00245451,  -0.00067791,   0.99999676],
[  0.99999638,  -0.00103846,   0.00248407,   0.00103675,   0.99999922,   0.00069022,  -0.00248478,  -0.00068764,   0.99999668],
[  0.99999627,  -0.00106842,   0.00251410,   0.00106666,   0.99999919,   0.00070007,  -0.00251484,  -0.00069738,   0.99999659],
[  0.99999616,  -0.00109891,   0.00254391,   0.00109711,   0.99999915,   0.00070993,  -0.00254468,  -0.00070713,   0.99999651],
[  0.99999605,  -0.00112995,   0.00257348,   0.00112810,   0.99999910,   0.00071980,  -0.00257429,  -0.00071689,   0.99999643],
[  0.99999594,  -0.00116153,   0.00260282,   0.00115963,   0.99999906,   0.00072968,  -0.00260366,  -0.00072666,   0.99999635],
[  0.99999582,  -0.00119366,   0.00263190,   0.00119172,   0.99999902,   0.00073958,  -0.00263278,  -0.00073644,   0.99999626],
[  0.99999571,  -0.00122634,   0.00266072,   0.00122435,   0.99999897,   0.00074948,  -0.00266164,  -0.00074622,   0.99999618],
[  0.99999559,  -0.00125957,   0.00268927,   0.00125754,   0.99999892,   0.00075939,  -0.00269022,  -0.00075600,   0.99999610],
[  0.99999547,  -0.00129337,   0.00271753,   0.00129128,   0.99999887,   0.00076930,  -0.00271852,  -0.00076579,   0.99999601],
[  0.99999535,  -0.00132772,   0.00274550,   0.00132558,   0.99999882,   0.00077923,  -0.00274653,  -0.00077558,   0.99999593],
[  0.99999523,  -0.00136263,   0.00277317,   0.00136045,   0.99999876,   0.00078915,  -0.00277424,  -0.00078538,   0.99999584],
[  0.99999510,  -0.00139811,   0.00280052,   0.00139588,   0.99999871,   0.00079909,  -0.00280163,  -0.00079517,   0.99999576],
[  0.99999497,  -0.00143416,   0.00282754,   0.00143188,   0.99999865,   0.00080902,  -0.00282870,  -0.00080497,   0.99999568],
[  0.99999485,  -0.00147078,   0.00285423,   0.00146845,   0.99999859,   0.00081896,  -0.00285543,  -0.00081476,   0.99999559],
[  0.99999471,  -0.00150797,   0.00288057,   0.00150559,   0.99999852,   0.00082890,  -0.00288181,  -0.00082456,   0.99999551],
[  0.99999458,  -0.00154574,   0.00290655,   0.00154330,   0.99999846,   0.00083884,  -0.00290784,  -0.00083435,   0.99999542],
[  0.99999445,  -0.00158408,   0.00293216,   0.00158160,   0.99999839,   0.00084879,  -0.00293350,  -0.00084415,   0.99999534],
[  0.99999431,  -0.00162300,   0.00295740,   0.00162047,   0.99999832,   0.00085873,  -0.00295879,  -0.00085393,   0.99999526],
[  0.99999417,  -0.00166251,   0.00298224,   0.00165992,   0.99999825,   0.00086867,  -0.00298368,  -0.00086372,   0.99999518],
[  0.99999403,  -0.00170259,   0.00300669,   0.00169996,   0.99999817,   0.00087861,  -0.00300818,  -0.00087350,   0.99999509],
[  0.99999389,  -0.00174327,   0.00303072,   0.00174058,   0.99999809,   0.00088855,  -0.00303227,  -0.00088327,   0.99999501],
[  0.99999374,  -0.00178453,   0.00305433,   0.00178179,   0.99999801,   0.00089849,  -0.00305593,  -0.00089304,   0.99999493],
[  0.99999360,  -0.00182638,   0.00307751,   0.00182359,   0.99999792,   0.00090842,  -0.00307916,  -0.00090280,   0.99999485],
[  0.99999345,  -0.00186882,   0.00310024,   0.00186598,   0.99999784,   0.00091835,  -0.00310195,  -0.00091256,   0.99999477],
[  0.99999330,  -0.00191185,   0.00312252,   0.00190896,   0.99999775,   0.00092827,  -0.00312429,  -0.00092231,   0.99999469],
[  0.99999314,  -0.00195548,   0.00314434,   0.00195254,   0.99999765,   0.00093819,  -0.00314616,  -0.00093205,   0.99999462],
[  0.99999299,  -0.00199971,   0.00316567,   0.00199671,   0.99999756,   0.00094811,  -0.00316756,  -0.00094178,   0.99999454],
[  0.99999283,  -0.00204453,   0.00318652,   0.00204149,   0.99999746,   0.00095802,  -0.00318847,  -0.00095150,   0.99999446],
[  0.99999267,  -0.00208995,   0.00320687,   0.00208685,   0.99999735,   0.00096792,  -0.00320889,  -0.00096122,   0.99999439],
[  0.99999251,  -0.00213597,   0.00322672,   0.00213282,   0.99999725,   0.00097781,  -0.00322880,  -0.00097092,   0.99999432],
[  0.99999235,  -0.00218259,   0.00324604,   0.00217939,   0.99999714,   0.00098770,  -0.00324819,  -0.00098062,   0.99999424],
[  0.99999218,  -0.00222981,   0.00326483,   0.00222657,   0.99999702,   0.00099758,  -0.00326705,  -0.00099030,   0.99999417],
[  0.99999202,  -0.00227764,   0.00328308,   0.00227434,   0.99999691,   0.00100745,  -0.00328536,  -0.00099997,   0.99999410],
[  0.99999185,  -0.00232607,   0.00330078,   0.00232273,   0.99999679,   0.00101731,  -0.00330313,  -0.00100963,   0.99999403],
[  0.99999168,  -0.00237511,   0.00331791,   0.00237171,   0.99999666,   0.00102716,  -0.00332034,  -0.00101929,   0.99999397],
[  0.99999150,  -0.00242475,   0.00333447,   0.00242130,   0.99999653,   0.00103701,  -0.00333697,  -0.00102892,   0.99999390],
[  0.99999132,  -0.00247500,   0.00335044,   0.00247150,   0.99999640,   0.00104684,  -0.00335302,  -0.00103855,   0.99999384],
[  0.99999115,  -0.00252585,   0.00336581,   0.00252231,   0.99999626,   0.00105667,  -0.00336847,  -0.00104817,   0.99999378],
[  0.99999096,  -0.00257732,   0.00338058,   0.00257373,   0.99999612,   0.00106648,  -0.00338332,  -0.00105777,   0.99999372],
[  0.99999078,  -0.00262939,   0.00339473,   0.00262575,   0.99999597,   0.00107629,  -0.00339755,  -0.00106736,   0.99999366],
[  0.99999060,  -0.00268207,   0.00340825,   0.00267838,   0.99999582,   0.00108608,  -0.00341115,  -0.00107694,   0.99999360],
[  0.99999041,  -0.00273536,   0.00342113,   0.00273162,   0.99999567,   0.00109586,  -0.00342411,  -0.00108651,   0.99999355],
[  0.99999022,  -0.00278925,   0.00343335,   0.00278547,   0.99999551,   0.00110563,  -0.00343642,  -0.00109606,   0.99999349],
[  0.99999002,  -0.00284376,   0.00344492,   0.00283993,   0.99999535,   0.00111540,  -0.00344807,  -0.00110560,   0.99999344],
[  0.99998983,  -0.00289887,   0.00345581,   0.00289500,   0.99999518,   0.00112515,  -0.00345905,  -0.00111513,   0.99999340],
[  0.99998963,  -0.00295460,   0.00346601,   0.00295068,   0.99999500,   0.00113489,  -0.00346935,  -0.00112465,   0.99999335],
[  0.99998943,  -0.00301093,   0.00347552,   0.00300697,   0.99999482,   0.00114461,  -0.00347895,  -0.00113415,   0.99999331],
[  0.99998922,  -0.00306787,   0.00348432,   0.00306386,   0.99999464,   0.00115433,  -0.00348784,  -0.00114364,   0.99999326],
[  0.99998902,  -0.00312542,   0.00349240,   0.00312137,   0.99999445,   0.00116403,  -0.00349602,  -0.00115312,   0.99999322],
[  0.99998881,  -0.00318357,   0.00349976,   0.00317948,   0.99999426,   0.00117373,  -0.00350347,  -0.00116259,   0.99999319],
[  0.99998860,  -0.00324234,   0.00350637,   0.00323821,   0.99999406,   0.00118341,  -0.00351019,  -0.00117204,   0.99999315],
[  0.99998838,  -0.00330171,   0.00351223,   0.00329754,   0.99999385,   0.00119308,  -0.00351615,  -0.00118149,   0.99999312],
[  0.99998816,  -0.00336168,   0.00351733,   0.00335747,   0.99999364,   0.00120274,  -0.00352136,  -0.00119092,   0.99999309],
[  0.99998794,  -0.00342226,   0.00352166,   0.00341801,   0.99999342,   0.00121239,  -0.00352579,  -0.00120034,   0.99999306],
[  0.99998772,  -0.00348345,   0.00352521,   0.00347916,   0.99999320,   0.00122203,  -0.00352944,  -0.00120975,   0.99999304],
[  0.99998749,  -0.00354523,   0.00352796,   0.00354091,   0.99999297,   0.00123166,  -0.00353230,  -0.00121915,   0.99999302],
[  0.99998726,  -0.00360762,   0.00352990,   0.00360326,   0.99999274,   0.00124127,  -0.00353435,  -0.00122854,   0.99999300],
[  0.99998703,  -0.00367061,   0.00353102,   0.00366621,   0.99999250,   0.00125088,  -0.00353559,  -0.00123792,   0.99999298],
[  0.99998679,  -0.00373420,   0.00353132,   0.00372977,   0.99999225,   0.00126047,  -0.00353600,  -0.00124729,   0.99999297],
[  0.99998655,  -0.00379839,   0.00353078,   0.00379392,   0.99999200,   0.00127006,  -0.00353558,  -0.00125665,   0.99999296],
[  0.99998631,  -0.00386317,   0.00352939,   0.00385867,   0.99999174,   0.00127963,  -0.00353431,  -0.00126600,   0.99999295],
[  0.99998606,  -0.00392855,   0.00352714,   0.00392402,   0.99999147,   0.00128920,  -0.00353218,  -0.00127534,   0.99999295],
[  0.99998581,  -0.00399452,   0.00352402,   0.00398996,   0.99999120,   0.00129876,  -0.00352918,  -0.00128468,   0.99999295],
[  0.99998556,  -0.00406108,   0.00352001,   0.00405650,   0.99999092,   0.00130831,  -0.00352529,  -0.00129401,   0.99999295],
[  0.99998530,  -0.00412823,   0.00351511,   0.00412362,   0.99999063,   0.00131785,  -0.00352052,  -0.00130333,   0.99999295],
[  0.99998504,  -0.00419597,   0.00350931,   0.00419134,   0.99999034,   0.00132738,  -0.00351485,  -0.00131265,   0.99999296],
[  0.99998477,  -0.00426430,   0.00350260,   0.00425964,   0.99999003,   0.00133691,  -0.00350826,  -0.00132196,   0.99999297],
[  0.99998450,  -0.00433321,   0.00349495,   0.00432853,   0.99998973,   0.00134642,  -0.00350075,  -0.00133127,   0.99999299],
[  0.99998423,  -0.00440270,   0.00348637,   0.00439800,   0.99998941,   0.00135593,  -0.00349231,  -0.00134058,   0.99999300],
[  0.99998395,  -0.00447277,   0.00347685,   0.00446805,   0.99998909,   0.00136544,  -0.00348292,  -0.00134988,   0.99999302],
[  0.99998367,  -0.00454342,   0.00346636,   0.00453868,   0.99998875,   0.00137494,  -0.00347257,  -0.00135918,   0.99999305],
[  0.99998338,  -0.00461464,   0.00345491,   0.00460988,   0.99998842,   0.00138443,  -0.00346126,  -0.00136848,   0.99999307],
[  0.99998309,  -0.00468643,   0.00344248,   0.00468166,   0.99998807,   0.00139392,  -0.00344897,  -0.00137778,   0.99999310],
[  0.99998280,  -0.00475880,   0.00342905,   0.00475401,   0.99998771,   0.00140341,  -0.00343569,  -0.00138708,   0.99999314],
[  0.99998250,  -0.00483172,   0.00341463,   0.00482692,   0.99998735,   0.00141289,  -0.00342141,  -0.00139638,   0.99999317],
[  0.99998219,  -0.00490522,   0.00339920,   0.00490040,   0.99998698,   0.00142237,  -0.00340613,  -0.00140568,   0.99999321],
[  0.99998188,  -0.00497927,   0.00338274,   0.00497445,   0.99998660,   0.00143184,  -0.00338983,  -0.00141499,   0.99999325],
[  0.99998157,  -0.00505388,   0.00336525,   0.00504905,   0.99998621,   0.00144132,  -0.00337249,  -0.00142430,   0.99999330],
[  0.99998125,  -0.00512904,   0.00334672,   0.00512421,   0.99998582,   0.00145079,  -0.00335412,  -0.00143362,   0.99999335],
[  0.99998092,  -0.00520475,   0.00332714,   0.00519992,   0.99998541,   0.00146027,  -0.00333469,  -0.00144294,   0.99999340],
[  0.99998059,  -0.00528101,   0.00330649,   0.00527618,   0.99998500,   0.00146974,  -0.00331420,  -0.00145227,   0.99999345],
[  0.99998025,  -0.00535782,   0.00328477,   0.00535298,   0.99998458,   0.00147922,  -0.00329265,  -0.00146161,   0.99999351],
[  0.99997991,  -0.00543516,   0.00326197,   0.00543033,   0.99998415,   0.00148870,  -0.00327001,  -0.00147096,   0.99999357],
[  0.99997956,  -0.00551305,   0.00323807,   0.00550822,   0.99998371,   0.00149818,  -0.00324627,  -0.00148032,   0.99999364],
[  0.99997921,  -0.00559146,   0.00321306,   0.00558664,   0.99998326,   0.00150767,  -0.00322144,  -0.00148969,   0.99999370],
[  0.99997884,  -0.00567040,   0.00318694,   0.00566559,   0.99998280,   0.00151716,  -0.00319549,  -0.00149907,   0.99999377],
[  0.99997848,  -0.00574987,   0.00315970,   0.00574507,   0.99998233,   0.00152666,  -0.00316842,  -0.00150847,   0.99999384],
[  0.99997810,  -0.00582986,   0.00313132,   0.00582508,   0.99998185,   0.00153616,  -0.00314022,  -0.00151789,   0.99999392],
[  0.99997772,  -0.00591037,   0.00310179,   0.00590560,   0.99998137,   0.00154567,  -0.00311087,  -0.00152732,   0.99999399],
[  0.99997734,  -0.00599139,   0.00307111,   0.00598664,   0.99998087,   0.00155519,  -0.00308037,  -0.00153677,   0.99999407],
[  0.99997694,  -0.00607292,   0.00303927,   0.00606819,   0.99998036,   0.00156473,  -0.00304871,  -0.00154625,   0.99999416],
[  0.99997654,  -0.00615496,   0.00300625,   0.00615024,   0.99997985,   0.00157427,  -0.00301588,  -0.00155574,   0.99999424],
[  0.99997613,  -0.00623749,   0.00297204,   0.00623280,   0.99997932,   0.00158382,  -0.00298186,  -0.00156526,   0.99999433],
[  0.99997571,  -0.00632052,   0.00293664,   0.00631586,   0.99997879,   0.00159338,  -0.00294665,  -0.00157480,   0.99999442],
[  0.99997529,  -0.00640403,   0.00290004,   0.00639941,   0.99997824,   0.00160296,  -0.00291024,  -0.00158437,   0.99999451],
[  0.99997486,  -0.00648804,   0.00286222,   0.00648344,   0.99997768,   0.00161256,  -0.00287262,  -0.00159396,   0.99999460],
[  0.99997442,  -0.00657252,   0.00282317,   0.00656796,   0.99997711,   0.00162217,  -0.00283377,  -0.00160359,   0.99999470],
[  0.99997397,  -0.00665748,   0.00278290,   0.00665296,   0.99997654,   0.00163180,  -0.00279370,  -0.00161324,   0.99999480],
[  0.99997351,  -0.00674292,   0.00274138,   0.00673843,   0.99997595,   0.00164144,  -0.00275238,  -0.00162293,   0.99999490],
[  0.99997304,  -0.00682881,   0.00269860,   0.00682437,   0.99997535,   0.00165111,  -0.00270981,  -0.00163265,   0.99999500],
[  0.99997257,  -0.00691517,   0.00265457,   0.00691078,   0.99997474,   0.00166080,  -0.00266599,  -0.00164241,   0.99999510],
[  0.99997208,  -0.00700198,   0.00260926,   0.00699764,   0.99997412,   0.00167051,  -0.00262089,  -0.00165220,   0.99999520],
[  0.99997159,  -0.00708924,   0.00256268,   0.00708495,   0.99997349,   0.00168024,  -0.00257452,  -0.00166204,   0.99999530],
[  0.99997108,  -0.00717695,   0.00251480,   0.00717271,   0.99997285,   0.00169000,  -0.00252686,  -0.00167191,   0.99999541],
[  0.99997057,  -0.00726509,   0.00246562,   0.00726091,   0.99997219,   0.00169978,  -0.00247790,  -0.00168183,   0.99999552],
[  0.99997004,  -0.00735367,   0.00241514,   0.00734955,   0.99997153,   0.00170959,  -0.00242764,  -0.00169179,   0.99999562],
[  0.99996951,  -0.00744267,   0.00236334,   0.00743862,   0.99997085,   0.00171944,  -0.00237607,  -0.00170180,   0.99999573],
[  0.99996896,  -0.00753210,   0.00231021,   0.00752811,   0.99997017,   0.00172931,  -0.00232317,  -0.00171186,   0.99999584],
[  0.99996841,  -0.00762194,   0.00225575,   0.00761802,   0.99996947,   0.00173921,  -0.00226894,  -0.00172197,   0.99999594],
[  0.99996784,  -0.00771219,   0.00219995,   0.00770835,   0.99996876,   0.00174915,  -0.00221337,  -0.00173213,   0.99999605],
[  0.99996726,  -0.00780284,   0.00214279,   0.00779908,   0.99996804,   0.00175912,  -0.00215645,  -0.00174235,   0.99999616],
[  0.99996667,  -0.00789389,   0.00208427,   0.00789021,   0.99996731,   0.00176912,  -0.00209817,  -0.00175262,   0.99999626],
[  0.99996607,  -0.00798533,   0.00202438,   0.00798173,   0.99996656,   0.00177917,  -0.00203852,  -0.00176295,   0.99999637],
[  0.99996545,  -0.00807715,   0.00196311,   0.00807364,   0.99996581,   0.00178925,  -0.00197750,  -0.00177334,   0.99999647],
[  0.99996482,  -0.00816935,   0.00190046,   0.00816594,   0.99996504,   0.00179938,  -0.00191509,  -0.00178379,   0.99999658],
[  0.99996418,  -0.00826193,   0.00183641,   0.00825860,   0.99996426,   0.00180954,  -0.00185129,  -0.00179431,   0.99999668],
[  0.99996353,  -0.00835486,   0.00177096,   0.00835164,   0.99996347,   0.00181975,  -0.00178610,  -0.00180490,   0.99999678],
[  0.99996286,  -0.00844816,   0.00170409,   0.00844504,   0.99996267,   0.00183001,  -0.00171949,  -0.00181555,   0.99999687],
[  0.99996218,  -0.00854180,   0.00163581,   0.00853879,   0.99996185,   0.00184031,  -0.00165147,  -0.00182628,   0.99999697],
[  0.99996148,  -0.00863579,   0.00156610,   0.00863289,   0.99996102,   0.00185067,  -0.00158202,  -0.00183708,   0.99999706],
[  0.99996077,  -0.00873012,   0.00149496,   0.00872733,   0.99996018,   0.00186107,  -0.00151114,  -0.00184795,   0.99999715],
[  0.99996005,  -0.00882477,   0.00142237,   0.00882210,   0.99995933,   0.00187153,  -0.00143882,  -0.00185890,   0.99999724],
[  0.99995931,  -0.00891975,   0.00134833,   0.00891721,   0.99995847,   0.00188203,  -0.00136506,  -0.00186993,   0.99999732],
[  0.99995855,  -0.00901505,   0.00127283,   0.00901263,   0.99995759,   0.00189260,  -0.00128984,  -0.00188105,   0.99999740],
[  0.99995778,  -0.00911065,   0.00119586,   0.00910836,   0.99995671,   0.00190322,  -0.00121315,  -0.00189225,   0.99999747],
[  0.99995699,  -0.00920655,   0.00111742,   0.00920440,   0.99995581,   0.00191391,  -0.00113499,  -0.00190354,   0.99999754],
[  0.99995619,  -0.00930275,   0.00103750,   0.00930074,   0.99995489,   0.00192465,  -0.00105536,  -0.00191491,   0.99999761],
[  0.99995537,  -0.00939923,   0.00095609,   0.00939737,   0.99995397,   0.00193546,  -0.00097424,  -0.00192638,   0.99999767],
[  0.99995453,  -0.00949599,   0.00087319,   0.00949428,   0.99995303,   0.00194633,  -0.00089163,  -0.00193795,   0.99999772],
[  0.99995367,  -0.00959302,   0.00078878,   0.00959146,   0.99995209,   0.00195726,  -0.00080752,  -0.00194961,   0.99999777],
[  0.99995280,  -0.00969032,   0.00070287,   0.00968892,   0.99995112,   0.00196827,  -0.00072190,  -0.00196137,   0.99999782],
[  0.99995191,  -0.00978787,   0.00061543,   0.00978663,   0.99995015,   0.00197935,  -0.00063478,  -0.00197323,   0.99999785],
[  0.99995100,  -0.00988566,   0.00052648,   0.00988460,   0.99994917,   0.00199050,  -0.00054613,  -0.00198520,   0.99999788],
[  0.99995007,  -0.00998370,   0.00043599,   0.00998281,   0.99994817,   0.00200172,  -0.00045595,  -0.00199727,   0.99999790],
[  0.99994912,  -0.01008197,   0.00034396,   0.01008125,   0.99994716,   0.00201302,  -0.00036424,  -0.00200945,   0.99999791],
[  0.99994815,  -0.01018046,   0.00025040,   0.01017993,   0.99994613,   0.00202440,  -0.00027099,  -0.00202175,   0.99999792],
[  0.99994716,  -0.01027916,   0.00015528,   0.01027882,   0.99994510,   0.00203586,  -0.00017620,  -0.00203416,   0.99999792],
[  0.99994614,  -0.01037807,   0.00005860,   0.01037793,   0.99994405,   0.00204741,  -0.00007985,  -0.00204669,   0.99999790],
[  0.99994511,  -0.01047718,  -0.00003963,   0.01047724,   0.99994299,   0.00205903,   0.00001806,  -0.00205934,   0.99999788],
[  0.99994406,  -0.01057648,  -0.00013944,   0.01057675,   0.99994192,   0.00207075,   0.00011753,  -0.00207211,   0.99999785],
[  0.99994298,  -0.01067596,  -0.00024081,   0.01067644,   0.99994084,   0.00208255,   0.00021857,  -0.00208500,   0.99999780],
[  0.99994188,  -0.01077561,  -0.00034377,   0.01077631,   0.99993974,   0.00209444,   0.00032118,  -0.00209803,   0.99999775],
[  0.99994076,  -0.01087543,  -0.00044832,   0.01087635,   0.99993863,   0.00210643,   0.00042538,  -0.00211118,   0.99999768],
[  0.99993961,  -0.01097541,  -0.00055445,   0.01097656,   0.99993751,   0.00211851,   0.00053117,  -0.00212447,   0.99999760],
[  0.99993845,  -0.01107553,  -0.00066219,   0.01107691,   0.99993638,   0.00213069,   0.00063855,  -0.00213789,   0.99999751],
[  0.99993725,  -0.01117579,  -0.00077153,   0.01117742,   0.99993523,   0.00214297,   0.00074753,  -0.00215146,   0.99999741],
[  0.99993603,  -0.01127617,  -0.00088247,   0.01127805,   0.99993408,   0.00215535,   0.00085811,  -0.00216516,   0.99999729],
[  0.99993479,  -0.01137668,  -0.00099503,   0.01137882,   0.99993291,   0.00216783,   0.00097030,  -0.00217901,   0.99999716],
[  0.99993352,  -0.01147730,  -0.00110920,   0.01147970,   0.99993173,   0.00218042,   0.00108410,  -0.00219301,   0.99999701],
[  0.99993222,  -0.01157802,  -0.00122500,   0.01158069,   0.99993054,   0.00219312,   0.00119953,  -0.00220716,   0.99999684],
[  0.99993090,  -0.01167884,  -0.00134243,   0.01168178,   0.99992933,   0.00220593,   0.00131658,  -0.00222146,   0.99999667],
[  0.99992955,  -0.01177974,  -0.00146149,   0.01178297,   0.99992812,   0.00221885,   0.00143525,  -0.00223592,   0.99999647],
[  0.99992817,  -0.01188072,  -0.00158219,   0.01188423,   0.99992689,   0.00223189,   0.00155556,  -0.00225053,   0.99999626],
[  0.99992676,  -0.01198176,  -0.00170453,   0.01198557,   0.99992565,   0.00224505,   0.00167751,  -0.00226531,   0.99999603],
[  0.99992533,  -0.01208286,  -0.00182852,   0.01208698,   0.99992440,   0.00225832,   0.00180110,  -0.00228025,   0.99999578],
[  0.99992386,  -0.01218400,  -0.00195416,   0.01218843,   0.99992314,   0.00227172,   0.00192633,  -0.00229536,   0.99999551],
[  0.99992237,  -0.01228519,  -0.00208146,   0.01228994,   0.99992186,   0.00228524,   0.00205322,  -0.00231064,   0.99999522],
[  0.99992084,  -0.01238640,  -0.00221041,   0.01239148,   0.99992058,   0.00229889,   0.00218176,  -0.00232610,   0.99999491],
[  0.99991929,  -0.01248763,  -0.00234103,   0.01249304,   0.99991928,   0.00231267,   0.00231196,  -0.00234173,   0.99999459],
[  0.99991770,  -0.01258887,  -0.00247331,   0.01259463,   0.99991798,   0.00232658,   0.00244382,  -0.00235754,   0.99999423],
[  0.99991608,  -0.01269011,  -0.00260726,   0.01269622,   0.99991666,   0.00234063,   0.00257734,  -0.00237353,   0.99999386],
[  0.99991443,  -0.01279134,  -0.00274289,   0.01279781,   0.99991533,   0.00235481,   0.00271254,  -0.00238971,   0.99999347],
[  0.99991274,  -0.01289256,  -0.00288020,   0.01289940,   0.99991399,   0.00236913,   0.00284941,  -0.00240608,   0.99999305],
[  0.99991102,  -0.01299374,  -0.00301919,   0.01300096,   0.99991264,   0.00238359,   0.00298795,  -0.00242263,   0.99999260],
[  0.99990927,  -0.01309488,  -0.00315986,   0.01310249,   0.99991128,   0.00239820,   0.00312817,  -0.00243938,   0.99999213],
[  0.99990748,  -0.01319598,  -0.00330222,   0.01320398,   0.99990991,   0.00241295,   0.00327008,  -0.00245633,   0.99999164],
[  0.99990565,  -0.01329702,  -0.00344627,   0.01330542,   0.99990853,   0.00242786,   0.00341367,  -0.00247348,   0.99999111],
[  0.99990379,  -0.01339799,  -0.00359201,   0.01340681,   0.99990714,   0.00244291,   0.00355895,  -0.00249083,   0.99999056],
[  0.99990189,  -0.01349888,  -0.00373945,   0.01350812,   0.99990574,   0.00245812,   0.00370592,  -0.00250839,   0.99998999],
[  0.99989996,  -0.01359968,  -0.00388859,   0.01360936,   0.99990433,   0.00247349,   0.00385458,  -0.00252616,   0.99998938],
[  0.99989799,  -0.01370039,  -0.00403943,   0.01371051,   0.99990291,   0.00248901,   0.00400493,  -0.00254414,   0.99998874],
[  0.99989597,  -0.01380099,  -0.00419197,   0.01381156,   0.99990148,   0.00250470,   0.00415699,  -0.00256234,   0.99998808],
[  0.99989392,  -0.01390147,  -0.00434622,   0.01391251,   0.99990004,   0.00252056,   0.00431074,  -0.00258076,   0.99998738],
[  0.99989183,  -0.01400182,  -0.00450217,   0.01401334,   0.99989859,   0.00253658,   0.00446620,  -0.00259939,   0.99998665],
[  0.99988970,  -0.01410203,  -0.00465984,   0.01411404,   0.99989713,   0.00255277,   0.00462336,  -0.00261825,   0.99998588],
[  0.99988753,  -0.01420210,  -0.00481921,   0.01421460,   0.99989567,   0.00256913,   0.00478222,  -0.00263734,   0.99998509],
[  0.99988532,  -0.01430201,  -0.00498030,   0.01431501,   0.99989419,   0.00258567,   0.00494279,  -0.00265666,   0.99998426],
[  0.99988306,  -0.01440175,  -0.00514310,   0.01441527,   0.99989271,   0.00260238,   0.00510507,  -0.00267622,   0.99998339],
[  0.99988076,  -0.01450131,  -0.00530763,   0.01451536,   0.99989122,   0.00261928,   0.00526906,  -0.00269601,   0.99998248],
[  0.99987842,  -0.01460068,  -0.00547386,   0.01461528,   0.99988972,   0.00263636,   0.00543477,  -0.00271604,   0.99998154],
[  0.99987603,  -0.01469985,  -0.00564182,   0.01471501,   0.99988821,   0.00265363,   0.00560218,  -0.00273632,   0.99998056],
[  0.99987360,  -0.01479882,  -0.00581150,   0.01481454,   0.99988669,   0.00267108,   0.00577131,  -0.00275684,   0.99997955],
[  0.99987113,  -0.01489756,  -0.00598289,   0.01491386,   0.99988517,   0.00268873,   0.00594215,  -0.00277761,   0.99997849],
[  0.99986860,  -0.01499608,  -0.00615601,   0.01501297,   0.99988364,   0.00270657,   0.00611471,  -0.00279863,   0.99997739],
[  0.99986603,  -0.01509435,  -0.00633085,   0.01511184,   0.99988210,   0.00272460,   0.00628898,  -0.00281991,   0.99997625],
[  0.99986341,  -0.01519237,  -0.00650742,   0.01521049,   0.99988055,   0.00274284,   0.00646497,  -0.00284145,   0.99997506],
[  0.99986075,  -0.01529014,  -0.00668570,   0.01530888,   0.99987900,   0.00276128,   0.00664267,  -0.00286324,   0.99997384],
[  0.99985803,  -0.01538763,  -0.00686571,   0.01540702,   0.99987744,   0.00277992,   0.00682210,  -0.00288531,   0.99997257],
[  0.99985527,  -0.01548484,  -0.00704745,   0.01550489,   0.99987587,   0.00279878,   0.00700324,  -0.00290764,   0.99997125],
[  0.99985245,  -0.01558176,  -0.00723091,   0.01560248,   0.99987430,   0.00281784,   0.00718609,  -0.00293024,   0.99996989],
[  0.99984958,  -0.01567837,  -0.00741609,   0.01569978,   0.99987273,   0.00283711,   0.00737066,  -0.00295312,   0.99996848],
[  0.99984667,  -0.01577468,  -0.00760299,   0.01579678,   0.99987114,   0.00285661,   0.00755695,  -0.00297627,   0.99996702],
[  0.99984369,  -0.01587066,  -0.00779162,   0.01589348,   0.99986955,   0.00287632,   0.00774496,  -0.00299971,   0.99996551],
[  0.99984067,  -0.01596630,  -0.00798197,   0.01598986,   0.99986796,   0.00289625,   0.00793468,  -0.00302342,   0.99996395],
[  0.99983759,  -0.01606160,  -0.00817405,   0.01608591,   0.99986636,   0.00291641,   0.00812611,  -0.00304743,   0.99996234],
[  0.99983446,  -0.01615655,  -0.00836784,   0.01618162,   0.99986476,   0.00293680,   0.00831926,  -0.00307172,   0.99996068],
[  0.99983127,  -0.01625113,  -0.00856336,   0.01627698,   0.99986315,   0.00295742,   0.00851412,  -0.00309630,   0.99995896],
[  0.99982803,  -0.01634534,  -0.00876059,   0.01637199,   0.99986153,   0.00297827,   0.00871070,  -0.00312118,   0.99995719],
[  0.99982472,  -0.01643916,  -0.00895954,   0.01646662,   0.99985992,   0.00299935,   0.00890898,  -0.00314636,   0.99995536],
[  0.99982137,  -0.01653259,  -0.00916021,   0.01656087,   0.99985830,   0.00302068,   0.00910898,  -0.00317184,   0.99995348],
[  0.99981795,  -0.01662561,  -0.00936260,   0.01665474,   0.99985667,   0.00304225,   0.00931068,  -0.00319762,   0.99995154],
[  0.99981447,  -0.01671821,  -0.00956670,   0.01674821,   0.99985504,   0.00306406,   0.00951409,  -0.00322371,   0.99994954],
[  0.99981094,  -0.01681038,  -0.00977251,   0.01684126,   0.99985341,   0.00308612,   0.00971920,  -0.00325012,   0.99994749],
[  0.99980734,  -0.01690212,  -0.00998004,   0.01693390,   0.99985178,   0.00310843,   0.00992602,  -0.00327683,   0.99994537],
[  0.99980368,  -0.01699341,  -0.01018927,   0.01702611,   0.99985014,   0.00313099,   0.01013454,  -0.00330386,   0.99994319],
[  0.99979996,  -0.01708424,  -0.01040021,   0.01711787,   0.99984850,   0.00315381,   0.01034475,  -0.00333121,   0.99994094],
